image,ALB,BET,DOL,LAG,NoF,OTHER,SHARK,YFT
img_06909.jpg,0.215064,0.107912,0.108068,0.119163,0.126656,0.104453,0.0999331,0.118751
img_07103.jpg,0.309562,0.111677,0.103028,0.0941069,0.0925159,0.090231,0.0911535,0.107726
img_04118.jpg,0.268866,0.0993222,0.102663,0.109997,0.0953283,0.121206,0.100322,0.102296
img_03043.jpg,0.129805,0.095917,0.112135,0.111339,0.113145,0.109704,0.102165,0.225789
img_06916.jpg,0.181538,0.121603,0.109074,0.129641,0.129798,0.101364,0.10799,0.118992
img_01431.jpg,0.18982,0.108345,0.108798,0.138888,0.111472,0.110364,0.103625,0.128688
img_01058.jpg,0.240424,0.116281,0.114839,0.0908325,0.103982,0.0988961,0.0881312,0.146614
img_01249.jpg,0.151038,0.109701,0.109563,0.131272,0.177874,0.105244,0.103102,0.112206
img_07505.jpg,0.201704,0.119089,0.108432,0.103913,0.131488,0.106286,0.107932,0.121156
img_03223.jpg,0.162541,0.139586,0.110937,0.108138,0.11108,0.11325,0.11443,0.140038
img_02703.jpg,0.167444,0.12097,0.108951,0.116404,0.117678,0.104996,0.109931,0.153625
img_02943.jpg,0.270467,0.107548,0.107959,0.0991415,0.092837,0.0920404,0.113075,0.116932
img_00828.jpg,0.170486,0.0941535,0.10803,0.114207,0.181776,0.110666,0.0961711,0.124511
img_04130.jpg,0.217846,0.114542,0.111331,0.10548,0.152957,0.0957097,0.0998977,0.102236
img_00417.jpg,0.19277,0.106846,0.102693,0.120064,0.103577,0.118032,0.117712,0.138307
img_03670.jpg,0.201021,0.11567,0.107718,0.105427,0.106861,0.119679,0.106769,0.136855
img_00708.jpg,0.214137,0.120125,0.106358,0.0991568,0.0979087,0.114603,0.0965381,0.151173
img_03082.jpg,0.17383,0.119098,0.104598,0.107067,0.109126,0.109811,0.114932,0.161538
img_05459.jpg,0.281832,0.106957,0.108951,0.0993222,0.095955,0.091824,0.0979445,0.117215
img_07120.jpg,0.223537,0.106952,0.10282,0.120055,0.118856,0.0871209,0.103018,0.137641
img_06165.jpg,0.15046,0.139391,0.109245,0.110658,0.121438,0.107742,0.108178,0.152887
img_06506.jpg,0.196593,0.113048,0.116423,0.104544,0.129565,0.0969797,0.0969081,0.145938
img_00223.jpg,0.231748,0.114301,0.105833,0.108297,0.0997574,0.111025,0.100193,0.128846
img_03520.jpg,0.192125,0.121411,0.103603,0.102388,0.123079,0.110395,0.0999081,0.147091
img_05950.jpg,0.309034,0.0986167,0.0950677,0.0880664,0.104479,0.101687,0.103102,0.0999473
img_06547.jpg,0.243459,0.103459,0.107433,0.110873,0.112548,0.100312,0.115119,0.106796
img_04726.jpg,0.145257,0.111173,0.113652,0.100212,0.206234,0.111021,0.102272,0.110179
img_05292.jpg,0.169478,0.117023,0.103401,0.104099,0.120495,0.13626,0.110277,0.138966
img_01213.jpg,0.181139,0.125961,0.106066,0.133803,0.122223,0.103028,0.105542,0.122239
img_06186.jpg,0.285942,0.102818,0.0981316,0.100221,0.110751,0.0919088,0.0971155,0.113113
img_00030.jpg,0.149102,0.100831,0.106916,0.114287,0.128826,0.105542,0.152295,0.142202
img_06259.jpg,0.117442,0.0994311,0.111078,0.108465,0.122917,0.117886,0.117605,0.205175
img_07054.jpg,0.108055,0.225535,0.114808,0.105818,0.112964,0.108959,0.112734,0.111126
img_02865.jpg,0.113378,0.128601,0.114453,0.110728,0.178184,0.102025,0.114221,0.13841
img_02890.jpg,0.195332,0.108383,0.109607,0.116458,0.131579,0.117671,0.111748,0.109223
img_05210.jpg,0.195472,0.106425,0.106857,0.104524,0.155623,0.111979,0.101963,0.117157
img_05322.jpg,0.237274,0.107814,0.106111,0.104941,0.129062,0.100997,0.105405,0.108397
img_07023.jpg,0.215435,0.110779,0.110296,0.106795,0.114087,0.111197,0.107328,0.124083
img_02838.jpg,0.177409,0.114068,0.104823,0.110253,0.106142,0.0942361,0.0967406,0.196329
img_04233.jpg,0.143134,0.11399,0.105166,0.111561,0.146062,0.115157,0.113345,0.151584
img_01689.jpg,0.0985582,0.0941189,0.107135,0.110265,0.118879,0.124338,0.111963,0.234743
img_01632.jpg,0.196307,0.119151,0.102356,0.0976763,0.12737,0.0995737,0.108583,0.148982
img_07594.jpg,0.216364,0.117166,0.099711,0.100796,0.113486,0.100325,0.10967,0.142483
img_07143.jpg,0.081216,0.111378,0.0878865,0.0988279,0.345541,0.0916442,0.0908235,0.092683
img_03422.jpg,0.309989,0.101808,0.09993,0.102681,0.0896335,0.0915318,0.0984249,0.106002
img_00599.jpg,0.248964,0.122086,0.0973957,0.102067,0.105406,0.0894312,0.106332,0.128317
img_02188.jpg,0.170995,0.108274,0.113169,0.110059,0.141182,0.119032,0.109336,0.127952
img_01552.jpg,0.207232,0.112148,0.104067,0.100818,0.130628,0.10402,0.11148,0.129606
img_03628.jpg,0.168597,0.128151,0.110181,0.108612,0.112663,0.113886,0.124855,0.133055
img_05026.jpg,0.153223,0.127203,0.105101,0.100878,0.0997965,0.115725,0.107008,0.191065
img_01490.jpg,0.114414,0.0978646,0.110954,0.123864,0.0961784,0.0980507,0.105063,0.253611
img_01211.jpg,0.256134,0.110361,0.0988714,0.103104,0.103834,0.100842,0.0976304,0.129223
img_04422.jpg,0.183141,0.139155,0.140645,0.102851,0.118828,0.0970926,0.0963937,0.121893
img_06845.jpg,0.164196,0.148848,0.104267,0.113505,0.105002,0.106717,0.100112,0.157352
img_03805.jpg,0.258643,0.108893,0.108145,0.101029,0.0874504,0.102205,0.106437,0.127197
img_00914.jpg,0.150725,0.112729,0.111641,0.107382,0.1264,0.113537,0.104631,0.172956
img_04879.jpg,0.146888,0.129136,0.117478,0.11382,0.138041,0.134446,0.10156,0.118631
img_00432.jpg,0.211574,0.104306,0.114254,0.104839,0.125755,0.0989741,0.108242,0.132057
img_00007.jpg,0.339378,0.0977976,0.0967684,0.0978692,0.0830619,0.0865797,0.095159,0.103386
img_00133.jpg,0.102862,0.116867,0.102416,0.100352,0.207301,0.122766,0.101784,0.145652
img_02808.jpg,0.295792,0.0986081,0.104032,0.104668,0.0933142,0.0927446,0.101305,0.109536
img_05864.jpg,0.178455,0.149571,0.109412,0.103571,0.110239,0.130839,0.0970892,0.120824
img_07191.jpg,0.201799,0.100759,0.0978798,0.107004,0.165304,0.103602,0.104918,0.118735
img_00865.jpg,0.207246,0.13239,0.105894,0.100147,0.106704,0.11881,0.103332,0.125477
img_03228.jpg,0.296437,0.104475,0.103287,0.105964,0.110111,0.0860566,0.0992269,0.0944411
img_00125.jpg,0.1601,0.114233,0.105503,0.132238,0.145282,0.110317,0.0999888,0.132337
img_02522.jpg,0.214363,0.0952026,0.104062,0.120908,0.0984733,0.117857,0.0926518,0.156482
img_06332.jpg,0.172964,0.10053,0.107798,0.110134,0.120046,0.100701,0.155902,0.131926
img_03135.jpg,0.234122,0.146949,0.0967979,0.0996541,0.0940271,0.0871412,0.105365,0.135944
img_01847.jpg,0.147748,0.131847,0.110279,0.104715,0.104554,0.113501,0.11033,0.177026
img_06851.jpg,0.167031,0.126734,0.0993774,0.103517,0.104849,0.10908,0.108727,0.180684
img_06144.jpg,0.195875,0.118088,0.108056,0.110811,0.106385,0.10539,0.101984,0.153412
img_02379.jpg,0.200765,0.122686,0.107374,0.0969481,0.0998308,0.0900881,0.0980841,0.184225
img_05038.jpg,0.205881,0.116158,0.10394,0.10589,0.110834,0.128205,0.106959,0.122134
img_02487.jpg,0.214457,0.110129,0.110829,0.107954,0.107432,0.114304,0.103325,0.13157
img_04559.jpg,0.139546,0.110477,0.139649,0.113049,0.109479,0.121857,0.114098,0.151845
img_06103.jpg,0.193329,0.108622,0.107064,0.109453,0.149735,0.101008,0.11551,0.115279
img_04752.jpg,0.191557,0.104167,0.105878,0.1412,0.12147,0.124711,0.104774,0.106243
img_03452.jpg,0.166913,0.138495,0.105456,0.106119,0.110638,0.120095,0.121816,0.130467
img_01571.jpg,0.223868,0.104636,0.106638,0.108351,0.108089,0.100948,0.107529,0.139941
img_03924.jpg,0.126288,0.134829,0.107593,0.107312,0.157766,0.102257,0.113406,0.15055
img_01688.jpg,0.192011,0.114204,0.107294,0.107136,0.133141,0.102745,0.103706,0.139764
img_01824.jpg,0.265521,0.0997165,0.0981641,0.105145,0.116927,0.116657,0.0938201,0.104049
img_00598.jpg,0.297241,0.106688,0.101571,0.097847,0.0917353,0.0978041,0.1038,0.103315
img_07146.jpg,0.150481,0.114256,0.114793,0.112948,0.152667,0.107524,0.101807,0.145525
img_04719.jpg,0.155566,0.0968839,0.104559,0.106318,0.142102,0.136496,0.10711,0.150965
img_03871.jpg,0.222506,0.111227,0.106292,0.114442,0.100542,0.107276,0.0970417,0.140672
img_00442.jpg,0.131625,0.0927782,0.131702,0.109369,0.113371,0.108191,0.103469,0.209495
img_00760.jpg,0.183319,0.107064,0.108337,0.153392,0.111896,0.110166,0.105929,0.119898
img_02096.jpg,0.22858,0.112401,0.107497,0.1097,0.105503,0.103531,0.113186,0.119602
img_04532.jpg,0.136062,0.121209,0.105659,0.117132,0.142514,0.123192,0.117462,0.13677
img_03310.jpg,0.268126,0.0952401,0.102141,0.140918,0.0988207,0.0944831,0.094689,0.105583
img_03581.jpg,0.243094,0.0917522,0.105999,0.128917,0.122334,0.1087,0.0982818,0.100923
img_03064.jpg,0.171011,0.117999,0.0950248,0.104729,0.0943715,0.10849,0.0991167,0.209258
img_04795.jpg,0.165401,0.109741,0.107345,0.100399,0.108246,0.107558,0.110968,0.190341
img_06371.jpg,0.151323,0.138338,0.114286,0.106408,0.104661,0.109056,0.156213,0.119715
img_06469.jpg,0.243527,0.103849,0.106748,0.113191,0.120814,0.0976332,0.0989436,0.115294
img_04405.jpg,0.175146,0.110645,0.105735,0.105461,0.115279,0.101689,0.118424,0.16762
img_02235.jpg,0.144669,0.118841,0.101559,0.114012,0.128994,0.120898,0.123064,0.147963
img_02904.jpg,0.265195,0.105368,0.10674,0.106492,0.114715,0.0983836,0.100799,0.102307
img_01328.jpg,0.183353,0.122722,0.104306,0.104116,0.162586,0.103708,0.110612,0.108597
img_06962.jpg,0.190044,0.118717,0.101908,0.10357,0.10771,0.10772,0.0990502,0.171281
img_07583.jpg,0.148513,0.143918,0.107482,0.0986303,0.117211,0.0988343,0.118548,0.166864
img_04076.jpg,0.159585,0.126878,0.105413,0.111282,0.123051,0.129691,0.104165,0.139935
img_02789.jpg,0.153759,0.105965,0.105374,0.11169,0.12962,0.105451,0.135684,0.152457
img_05572.jpg,0.2001,0.107964,0.104383,0.104565,0.116579,0.0996358,0.111944,0.154829
img_06642.jpg,0.203589,0.114585,0.103539,0.110236,0.115942,0.107188,0.113733,0.131186
img_00999.jpg,0.211033,0.113449,0.0987538,0.107849,0.107102,0.0857156,0.108752,0.167346
img_01685.jpg,0.186265,0.111979,0.116481,0.108891,0.151979,0.0958285,0.102506,0.126069
img_06268.jpg,0.15762,0.113204,0.107189,0.102624,0.141588,0.0951614,0.113168,0.169445
img_02646.jpg,0.136718,0.115776,0.104034,0.115828,0.109833,0.111428,0.103319,0.203064
img_01519.jpg,0.160475,0.127056,0.111895,0.10362,0.105577,0.143219,0.10944,0.138718
img_01649.jpg,0.19678,0.106943,0.102014,0.115118,0.160242,0.100935,0.110847,0.107121
img_04250.jpg,0.102442,0.105378,0.100524,0.104547,0.280102,0.105674,0.0952053,0.106127
img_02648.jpg,0.124337,0.0947149,0.125943,0.116137,0.097667,0.0935266,0.0972508,0.250424
img_07757.jpg,0.176882,0.116103,0.111253,0.105483,0.131473,0.115158,0.108562,0.135086
img_03475.jpg,0.157281,0.0940577,0.104518,0.0913588,0.217564,0.111641,0.105785,0.117795
img_06424.jpg,0.250034,0.108198,0.101338,0.104219,0.116359,0.10396,0.095246,0.120646
img_06010.jpg,0.135583,0.110993,0.101387,0.0968943,0.0906288,0.0977769,0.0885148,0.278222
img_02625.jpg,0.134075,0.104996,0.105401,0.106038,0.117301,0.125871,0.101594,0.204725
img_04671.jpg,0.212471,0.120107,0.109043,0.108764,0.102987,0.0872239,0.105553,0.153851
img_05021.jpg,0.122429,0.117865,0.106339,0.12066,0.155419,0.128137,0.101702,0.147449
img_04511.jpg,0.207677,0.128735,0.110451,0.107726,0.102566,0.120829,0.104961,0.117053
img_03222.jpg,0.211671,0.112861,0.103732,0.108462,0.126613,0.118598,0.101652,0.11641
img_04603.jpg,0.222055,0.123394,0.106688,0.107052,0.10611,0.120095,0.104269,0.110338
img_04888.jpg,0.234184,0.105731,0.111591,0.105989,0.101064,0.102289,0.110414,0.128738
img_07375.jpg,0.171976,0.112412,0.100518,0.110243,0.105546,0.108531,0.1037,0.187075
img_06038.jpg,0.148928,0.102419,0.136183,0.11394,0.0962086,0.113124,0.0991493,0.190049
img_00664.jpg,0.244792,0.0987357,0.109677,0.104223,0.127874,0.104905,0.10992,0.0998745
img_01684.jpg,0.217948,0.124036,0.112136,0.114383,0.122488,0.0941136,0.111297,0.103598
img_06732.jpg,0.26049,0.1223,0.100631,0.113185,0.0904531,0.0986594,0.106475,0.107806
img_06426.jpg,0.164817,0.115863,0.118206,0.110856,0.121831,0.106053,0.102875,0.159499
img_05721.jpg,0.112291,0.0916856,0.122769,0.106764,0.100616,0.108424,0.0924089,0.265041
img_04991.jpg,0.121631,0.147728,0.126614,0.114364,0.135082,0.138224,0.095151,0.121206
img_05587.jpg,0.183147,0.111231,0.112091,0.125302,0.145279,0.116342,0.10124,0.105368
img_07173.jpg,0.165216,0.101389,0.106487,0.111447,0.105528,0.119712,0.120451,0.16977
img_04959.jpg,0.276118,0.107783,0.106586,0.102434,0.10107,0.102428,0.101147,0.102435
img_05520.jpg,0.191194,0.0999048,0.11417,0.103218,0.116362,0.128385,0.108689,0.138078
img_02367.jpg,0.175383,0.111626,0.100537,0.117559,0.165799,0.105053,0.107304,0.116738
img_06685.jpg,0.122908,0.120282,0.107167,0.102793,0.205705,0.101454,0.113753,0.125939
img_02636.jpg,0.185805,0.123893,0.128055,0.107573,0.0889103,0.121083,0.112782,0.1319
img_04271.jpg,0.11785,0.118885,0.101241,0.110325,0.228168,0.10953,0.10251,0.11149
img_06508.jpg,0.127025,0.108793,0.103649,0.0996621,0.25657,0.0914961,0.109363,0.103442
img_04503.jpg,0.161377,0.103097,0.11333,0.109439,0.171047,0.108783,0.112221,0.120706
img_03941.jpg,0.259618,0.102122,0.105049,0.114163,0.107374,0.111315,0.0968501,0.103509
img_07833.jpg,0.227889,0.110578,0.108218,0.114051,0.10721,0.105441,0.108717,0.117896
img_02799.jpg,0.253206,0.121581,0.109848,0.101567,0.113386,0.100215,0.100037,0.10016
img_05433.jpg,0.160447,0.110621,0.104545,0.108673,0.111237,0.11841,0.103704,0.182364
img_05440.jpg,0.197876,0.113164,0.104632,0.105816,0.150308,0.100365,0.103887,0.123951
img_07508.jpg,0.162044,0.0985308,0.102987,0.113953,0.123456,0.0999736,0.147421,0.151634
img_03195.jpg,0.174781,0.114361,0.104998,0.106278,0.132091,0.110155,0.113393,0.143942
img_07005.jpg,0.243623,0.115333,0.0982058,0.10931,0.110312,0.113962,0.098061,0.111194
img_05489.jpg,0.262089,0.126184,0.105454,0.0929365,0.0975828,0.0965191,0.106436,0.112798
img_03426.jpg,0.211426,0.115456,0.100428,0.103409,0.0989707,0.105894,0.118287,0.14613
img_03760.jpg,0.208009,0.107463,0.102593,0.104849,0.121585,0.118283,0.093727,0.143491
img_04856.jpg,0.296697,0.110742,0.10754,0.100441,0.0890171,0.103259,0.0939107,0.0983918
img_02209.jpg,0.195777,0.0931364,0.109386,0.10849,0.130513,0.144117,0.101292,0.117289
img_00071.jpg,0.171484,0.126081,0.106481,0.144797,0.117532,0.112825,0.102154,0.118646
img_00726.jpg,0.21552,0.102285,0.105785,0.104793,0.10285,0.100517,0.120227,0.148023
img_01888.jpg,0.136778,0.119183,0.106336,0.11787,0.147935,0.126195,0.113733,0.131971
img_03547.jpg,0.258669,0.104307,0.103004,0.109102,0.114458,0.107358,0.102422,0.100681
img_05426.jpg,0.17649,0.110734,0.108442,0.129103,0.104002,0.142947,0.106103,0.12218
img_07717.jpg,0.164589,0.122354,0.106943,0.110917,0.12122,0.139566,0.10496,0.12945
img_03490.jpg,0.140112,0.137532,0.114643,0.103024,0.190151,0.0894018,0.10238,0.122757
img_00005.jpg,0.122528,0.113825,0.10517,0.101029,0.240975,0.0920839,0.106916,0.117473
img_01657.jpg,0.114253,0.111198,0.170764,0.104448,0.0931338,0.106101,0.118023,0.182078
img_00974.jpg,0.314165,0.100944,0.102445,0.0973606,0.0840096,0.0924271,0.0990318,0.109617
img_05264.jpg,0.109451,0.10455,0.108565,0.10329,0.1059,0.105287,0.105976,0.256979
img_06324.jpg,0.15496,0.119907,0.108751,0.10589,0.118074,0.149433,0.110631,0.132355
img_00808.jpg,0.335323,0.0994579,0.102013,0.0934083,0.0893434,0.0848743,0.102071,0.0935102
img_01090.jpg,0.115143,0.156231,0.118367,0.112045,0.150605,0.109804,0.107098,0.130707
img_02739.jpg,0.272001,0.106705,0.104375,0.101569,0.102822,0.10291,0.0968481,0.11277
img_02146.jpg,0.23165,0.104956,0.10783,0.106883,0.124333,0.102373,0.104743,0.117231
img_04285.jpg,0.163138,0.126096,0.104874,0.102869,0.0998627,0.116125,0.100035,0.187
img_00646.jpg,0.139366,0.1178,0.11262,0.118766,0.114122,0.120213,0.10211,0.175003
img_00289.jpg,0.231147,0.111736,0.106575,0.10358,0.129643,0.104543,0.100103,0.112672
img_03181.jpg,0.25483,0.113683,0.102731,0.115995,0.0967706,0.111519,0.103054,0.101417
img_00164.jpg,0.134612,0.105759,0.10794,0.106313,0.214819,0.108338,0.112584,0.109633
img_06986.jpg,0.26435,0.109618,0.106046,0.0955596,0.102223,0.100467,0.102245,0.11949
img_03602.jpg,0.148471,0.0954876,0.109246,0.107992,0.135558,0.129765,0.109639,0.163841
img_02702.jpg,0.222856,0.115297,0.105247,0.102707,0.123746,0.113821,0.101831,0.114494
img_01955.jpg,0.137056,0.113243,0.106658,0.110547,0.108327,0.108641,0.102759,0.212768
img_05222.jpg,0.27786,0.108009,0.116454,0.0994294,0.103878,0.099418,0.0997778,0.0951745
img_03410.jpg,0.175028,0.102339,0.117562,0.108656,0.157202,0.107206,0.107972,0.124037
img_04921.jpg,0.194404,0.0948142,0.106632,0.109784,0.113303,0.106813,0.101701,0.172549
img_06321.jpg,0.145795,0.112849,0.104515,0.107118,0.116765,0.13071,0.117354,0.164896
img_06440.jpg,0.199001,0.102568,0.115091,0.110343,0.122009,0.129131,0.0999844,0.121872
img_02949.jpg,0.256279,0.103263,0.104544,0.105505,0.123193,0.0961734,0.0976142,0.113429
img_03945.jpg,0.176077,0.0993383,0.119342,0.111524,0.117275,0.119751,0.108891,0.147803
img_04015.jpg,0.209787,0.125705,0.105386,0.104605,0.105696,0.114549,0.10285,0.131422
img_02766.jpg,0.226256,0.113974,0.107056,0.105021,0.136722,0.093522,0.106844,0.110607
img_01142.jpg,0.237454,0.112976,0.104199,0.11187,0.100912,0.103662,0.0989897,0.129937
img_04410.jpg,0.252307,0.0979553,0.105829,0.105439,0.11473,0.0939123,0.102317,0.127511
img_01379.jpg,0.150259,0.130466,0.112786,0.121736,0.127464,0.125971,0.111337,0.11998
img_01366.jpg,0.192855,0.106971,0.111882,0.111116,0.13216,0.123401,0.110687,0.110928
img_05828.jpg,0.237244,0.10751,0.105151,0.112116,0.0997882,0.0961491,0.107355,0.134687
img_02082.jpg,0.145884,0.106303,0.106443,0.112321,0.134939,0.102149,0.143808,0.148154
img_05492.jpg,0.113328,0.116158,0.104817,0.122719,0.0903213,0.110828,0.103981,0.237847
img_00493.jpg,0.170799,0.1038,0.111269,0.111549,0.147728,0.106162,0.121327,0.127365
img_04129.jpg,0.23523,0.123002,0.108513,0.105961,0.0957618,0.0970033,0.102198,0.132331
img_03210.jpg,0.11906,0.134653,0.1418,0.114094,0.107586,0.108748,0.110813,0.163246
img_04640.jpg,0.179348,0.11615,0.103318,0.108564,0.109746,0.11114,0.105037,0.166697
img_04712.jpg,0.133668,0.10722,0.118114,0.110484,0.104991,0.136384,0.109397,0.179742
img_02372.jpg,0.11801,0.112264,0.118444,0.108735,0.171146,0.122492,0.0969748,0.151934
img_02749.jpg,0.235851,0.0956365,0.110859,0.12607,0.119575,0.109027,0.100581,0.1024
img_01022.jpg,0.186137,0.103893,0.107994,0.137506,0.13005,0.109784,0.104536,0.1201
img_00285.jpg,0.23308,0.115336,0.111906,0.0993057,0.099907,0.106389,0.101751,0.132326
img_06922.jpg,0.226025,0.119754,0.101368,0.104597,0.0976418,0.101921,0.10407,0.144623
img_02540.jpg,0.191454,0.11647,0.11589,0.109576,0.13761,0.0961841,0.114139,0.118678
img_01831.jpg,0.264354,0.0901642,0.104775,0.123941,0.11487,0.110056,0.094685,0.0971556
img_00575.jpg,0.136986,0.109394,0.127613,0.099067,0.11359,0.119706,0.121304,0.172338
img_04247.jpg,0.163317,0.108136,0.107879,0.118254,0.112139,0.105683,0.128129,0.156463
img_02666.jpg,0.266168,0.107556,0.102677,0.101872,0.100699,0.0972569,0.101558,0.122214
img_06285.jpg,0.140269,0.110416,0.101719,0.116692,0.131025,0.104624,0.102384,0.192871
img_00172.jpg,0.0987951,0.12724,0.0984244,0.100447,0.272952,0.100573,0.108726,0.092843
img_07590.jpg,0.176897,0.108313,0.103903,0.109343,0.105449,0.107958,0.10765,0.180487
img_06975.jpg,0.138082,0.0918738,0.0935056,0.111227,0.0870326,0.0974161,0.0975852,0.283277
img_05568.jpg,0.246265,0.109544,0.103913,0.109031,0.0922804,0.10124,0.102268,0.135459
img_05595.jpg,0.274278,0.108178,0.0983606,0.0991325,0.108974,0.0944965,0.108718,0.107862
img_05087.jpg,0.188838,0.117384,0.113128,0.109142,0.12935,0.111728,0.112281,0.118149
img_00590.jpg,0.192667,0.148654,0.111509,0.102981,0.0986828,0.103196,0.118997,0.123313
img_04507.jpg,0.0865245,0.114501,0.101088,0.111513,0.0966703,0.113425,0.102604,0.273674
img_00180.jpg,0.218083,0.115693,0.0980712,0.117954,0.115576,0.0874556,0.100479,0.146688
img_02889.jpg,0.19905,0.107879,0.107786,0.108046,0.138075,0.113703,0.11045,0.115011
img_04263.jpg,0.269684,0.100244,0.105349,0.104808,0.105276,0.0934287,0.105954,0.115256
img_05276.jpg,0.131278,0.120934,0.111294,0.11056,0.18352,0.116145,0.103926,0.122343
img_07818.jpg,0.259335,0.118283,0.107942,0.100937,0.102839,0.104247,0.0999566,0.106461
img_04476.jpg,0.249587,0.122326,0.0989328,0.100582,0.104284,0.0963416,0.0936346,0.134311
img_00282.jpg,0.209014,0.102216,0.106219,0.108743,0.108493,0.140588,0.104393,0.120334
img_02687.jpg,0.120748,0.112893,0.114586,0.110778,0.114265,0.12376,0.109801,0.193169
img_02920.jpg,0.272498,0.0990394,0.100429,0.114117,0.0948129,0.10946,0.094946,0.114698
img_02172.jpg,0.241208,0.117032,0.105343,0.109727,0.100129,0.0941814,0.096852,0.135528
img_07348.jpg,0.206881,0.107086,0.108077,0.098808,0.148264,0.11027,0.103256,0.117359
img_01803.jpg,0.115962,0.13821,0.11843,0.107212,0.113215,0.111393,0.104989,0.190588
img_01222.jpg,0.163509,0.121554,0.105361,0.119452,0.164627,0.111978,0.101979,0.111541
img_06302.jpg,0.240278,0.108199,0.108383,0.112601,0.0988181,0.105924,0.103638,0.122158
img_07893.jpg,0.130868,0.143769,0.103864,0.102854,0.104155,0.141016,0.106524,0.16695
img_05015.jpg,0.204071,0.111696,0.10586,0.121304,0.100141,0.12691,0.100156,0.129863
img_07224.jpg,0.175278,0.113276,0.105005,0.108959,0.179442,0.104847,0.100188,0.113005
img_07352.jpg,0.22041,0.108118,0.108118,0.100103,0.0996167,0.108926,0.100371,0.154337
img_01640.jpg,0.268473,0.10825,0.0991276,0.101505,0.103131,0.0963513,0.10195,0.121213
img_05908.jpg,0.117555,0.107815,0.109946,0.115027,0.186897,0.106527,0.110528,0.145705
img_04013.jpg,0.146953,0.115965,0.100315,0.117002,0.132787,0.123283,0.116403,0.147292
img_01224.jpg,0.134259,0.13728,0.107979,0.118438,0.12795,0.11975,0.107494,0.146851
img_07419.jpg,0.133235,0.109098,0.108676,0.115118,0.105264,0.110835,0.110564,0.207209
img_07160.jpg,0.129742,0.113122,0.0990129,0.106408,0.235797,0.0947583,0.0979362,0.123223
img_03444.jpg,0.218765,0.138708,0.098367,0.0964616,0.124647,0.106536,0.108095,0.108419
img_05722.jpg,0.192027,0.0989046,0.104124,0.114652,0.130373,0.0948187,0.123607,0.141494
img_03943.jpg,0.266755,0.110197,0.10367,0.102146,0.0974732,0.0979676,0.107207,0.114585
img_05640.jpg,0.199293,0.105268,0.101395,0.117188,0.152621,0.0998608,0.101569,0.122805
img_06959.jpg,0.195292,0.104689,0.101225,0.118069,0.147804,0.109554,0.107408,0.115958
img_07628.jpg,0.148867,0.132576,0.117062,0.102512,0.152074,0.104419,0.108557,0.133933
img_05293.jpg,0.138915,0.111226,0.0990955,0.117095,0.129687,0.117855,0.128764,0.157363
img_05475.jpg,0.160821,0.114683,0.102204,0.116582,0.183409,0.107027,0.108125,0.107149
img_00473.jpg,0.226437,0.112029,0.114391,0.112278,0.108912,0.0993875,0.104002,0.122564
img_02974.jpg,0.214845,0.110508,0.106206,0.107514,0.102259,0.0999728,0.104215,0.154481
img_02077.jpg,0.136293,0.109267,0.109788,0.151094,0.130258,0.149918,0.105611,0.10777
img_06832.jpg,0.258542,0.10124,0.108955,0.116103,0.095495,0.103989,0.103133,0.112542
img_06690.jpg,0.114325,0.102738,0.126076,0.105321,0.112714,0.113983,0.0972152,0.227629
img_01426.jpg,0.142066,0.164222,0.102079,0.104007,0.116834,0.109273,0.121816,0.139701
img_07051.jpg,0.154146,0.17735,0.104893,0.10234,0.113514,0.100744,0.11135,0.135663
img_07318.jpg,0.139636,0.116502,0.114737,0.112802,0.106101,0.150469,0.116387,0.143367
img_00027.jpg,0.158261,0.122713,0.117514,0.099988,0.107944,0.116713,0.124781,0.152085
img_06616.jpg,0.202057,0.125189,0.116325,0.0998658,0.0958494,0.112356,0.0977824,0.150575
img_07319.jpg,0.130818,0.118124,0.0997383,0.102674,0.0928438,0.108393,0.101253,0.246156
img_02416.jpg,0.160411,0.138325,0.113935,0.103161,0.152938,0.102152,0.105612,0.123467
img_02734.jpg,0.275074,0.0998771,0.10267,0.116322,0.111225,0.0878493,0.101393,0.105589
img_03563.jpg,0.179328,0.114652,0.102265,0.106595,0.105255,0.106246,0.128924,0.156735
img_02422.jpg,0.202722,0.119422,0.0997419,0.106364,0.109824,0.101422,0.115238,0.145267
img_07156.jpg,0.172748,0.100173,0.10187,0.115242,0.131078,0.131019,0.100358,0.147512
img_05439.jpg,0.242897,0.101999,0.105729,0.123143,0.113374,0.0987769,0.100102,0.113979
img_06571.jpg,0.291743,0.101672,0.0980302,0.0987243,0.0981841,0.104882,0.10192,0.104844
img_01825.jpg,0.125885,0.200927,0.103639,0.111291,0.118825,0.115791,0.109748,0.113894
img_05754.jpg,0.184093,0.0882882,0.103937,0.109643,0.105207,0.136916,0.0989236,0.172992
img_02347.jpg,0.175712,0.123365,0.114064,0.107303,0.141819,0.115436,0.105003,0.117297
img_06311.jpg,0.275832,0.105442,0.0993578,0.110517,0.0994196,0.104412,0.100731,0.104289
img_01593.jpg,0.103844,0.10358,0.0960253,0.0978935,0.0941933,0.0972274,0.0822192,0.325018
img_02291.jpg,0.25345,0.107506,0.10368,0.0971355,0.109397,0.094545,0.114512,0.119774
img_03229.jpg,0.199861,0.116476,0.0988944,0.094813,0.0989409,0.0932668,0.0933925,0.204356
img_00311.jpg,0.271434,0.106608,0.0970231,0.0977147,0.0986832,0.0993992,0.105437,0.1237
img_05251.jpg,0.177197,0.117625,0.10649,0.10053,0.108428,0.100389,0.175571,0.113768
img_02119.jpg,0.219731,0.115888,0.104008,0.104309,0.0969314,0.118711,0.101755,0.138666
img_01856.jpg,0.299222,0.100399,0.10039,0.0985434,0.0861177,0.0967011,0.105557,0.113069
img_02769.jpg,0.156101,0.109487,0.107751,0.10671,0.106049,0.110285,0.102954,0.200662
img_05539.jpg,0.191655,0.101835,0.109093,0.121188,0.129465,0.114554,0.112653,0.119557
img_05548.jpg,0.26141,0.108196,0.0994414,0.106572,0.107622,0.111953,0.099809,0.104997
img_03674.jpg,0.1508,0.103903,0.105084,0.116547,0.213751,0.101175,0.0993084,0.109432
img_04740.jpg,0.169973,0.10812,0.110987,0.110441,0.149409,0.113866,0.103934,0.133269
img_06373.jpg,0.129087,0.0874645,0.12648,0.108151,0.117212,0.102194,0.0835628,0.245849
img_02124.jpg,0.208398,0.0967943,0.110279,0.0991456,0.11332,0.129501,0.0990552,0.143507
img_05084.jpg,0.135983,0.109542,0.104513,0.107807,0.123184,0.127933,0.120586,0.170452
img_06521.jpg,0.145575,0.120624,0.110137,0.101353,0.0974794,0.103661,0.109866,0.211304
img_04237.jpg,0.130325,0.239409,0.11931,0.0999784,0.108821,0.0978716,0.0962473,0.108037
img_00894.jpg,0.227466,0.1084,0.108673,0.0949692,0.134701,0.102819,0.0998196,0.123152
img_00292.jpg,0.168696,0.112628,0.104135,0.106629,0.113478,0.118393,0.107116,0.168926
img_07448.jpg,0.190591,0.108823,0.111252,0.104772,0.144184,0.10891,0.109789,0.12168
img_03527.jpg,0.0852586,0.0967759,0.146418,0.103869,0.112775,0.107118,0.115992,0.231793
img_03801.jpg,0.242128,0.10402,0.106701,0.106269,0.106694,0.107353,0.116835,0.11
img_06673.jpg,0.200497,0.109714,0.108364,0.106927,0.116669,0.102693,0.10722,0.147918
img_07428.jpg,0.234494,0.118963,0.106396,0.110388,0.121227,0.0981999,0.108255,0.102077
img_04750.jpg,0.147591,0.141978,0.111871,0.111166,0.1631,0.114909,0.103951,0.105434
img_05948.jpg,0.229851,0.103112,0.0999339,0.10236,0.115458,0.129981,0.0926464,0.126658
img_00152.jpg,0.131886,0.119932,0.112819,0.107901,0.109344,0.109196,0.124586,0.184334
img_00654.jpg,0.176264,0.110568,0.105342,0.112919,0.160302,0.104329,0.100526,0.129749
img_03074.jpg,0.282866,0.0967665,0.101743,0.103773,0.110288,0.0924084,0.097125,0.11503
img_05156.jpg,0.125697,0.107146,0.109162,0.128735,0.128593,0.176744,0.115743,0.108179
img_05682.jpg,0.201711,0.127654,0.10827,0.10434,0.104955,0.102078,0.120346,0.130646
img_00046.jpg,0.234519,0.105868,0.107648,0.108717,0.104592,0.0995945,0.113276,0.125786
img_01745.jpg,0.17063,0.116354,0.107547,0.108777,0.117501,0.107143,0.103448,0.1686
img_03488.jpg,0.231121,0.106094,0.102675,0.114641,0.0902963,0.121362,0.0998743,0.133936
img_05438.jpg,0.14245,0.10444,0.103726,0.117643,0.168736,0.118095,0.0994892,0.14542
img_03087.jpg,0.141472,0.123079,0.107435,0.0967678,0.223458,0.113011,0.106533,0.0882436
img_02285.jpg,0.215502,0.0980528,0.111868,0.109642,0.126745,0.105809,0.0973166,0.135065
img_06237.jpg,0.256173,0.121596,0.111034,0.0980094,0.102185,0.0987137,0.0996701,0.112618
img_00446.jpg,0.259048,0.105214,0.100515,0.0988996,0.132495,0.0987543,0.099131,0.105944
img_05445.jpg,0.252452,0.0999689,0.10027,0.126673,0.109929,0.102905,0.0980104,0.109792
img_04830.jpg,0.239222,0.102618,0.110275,0.109968,0.107195,0.100809,0.0992912,0.130621
img_06807.jpg,0.19014,0.104711,0.109282,0.112762,0.119813,0.102269,0.136138,0.124885
img_06294.jpg,0.260518,0.104999,0.102715,0.113424,0.10814,0.0977353,0.10095,0.111519
img_06798.jpg,0.247391,0.103324,0.0997583,0.116592,0.119239,0.107509,0.0959398,0.110247
img_01188.jpg,0.161441,0.112993,0.107081,0.111706,0.134573,0.126763,0.113989,0.131455
img_05857.jpg,0.234211,0.0989851,0.10317,0.112539,0.117636,0.0988674,0.101555,0.133036
img_04419.jpg,0.135646,0.115398,0.100453,0.117705,0.203139,0.120208,0.0984627,0.108989
img_05284.jpg,0.201111,0.135919,0.122924,0.093537,0.12721,0.0987396,0.094161,0.126399
img_07278.jpg,0.238778,0.110234,0.104831,0.103578,0.115512,0.108129,0.105062,0.113876
img_00587.jpg,0.180206,0.121438,0.106859,0.0991638,0.110723,0.131721,0.111089,0.1388
img_07543.jpg,0.108161,0.100783,0.0992329,0.112561,0.280432,0.0822759,0.0887345,0.127818
img_03238.jpg,0.143864,0.128836,0.10169,0.106503,0.101829,0.142853,0.108074,0.16635
img_04257.jpg,0.133649,0.117966,0.113781,0.110338,0.178525,0.117876,0.111081,0.116785
img_05735.jpg,0.154607,0.122846,0.102217,0.107324,0.0971484,0.102072,0.113739,0.200046
img_01996.jpg,0.128056,0.121298,0.108568,0.108191,0.112944,0.138466,0.107598,0.17488
img_05074.jpg,0.212871,0.1183,0.1147,0.101039,0.131661,0.106751,0.104957,0.109722
img_04642.jpg,0.163592,0.108113,0.116467,0.102789,0.15917,0.121145,0.117171,0.111553
img_07659.jpg,0.179856,0.118797,0.108116,0.101234,0.113102,0.0941053,0.109128,0.175661
img_04138.jpg,0.17538,0.116339,0.106492,0.0927847,0.221034,0.0907983,0.109264,0.087908
img_07467.jpg,0.28262,0.109369,0.104627,0.100753,0.100909,0.0943588,0.102486,0.104876
img_05794.jpg,0.25532,0.12733,0.102589,0.100155,0.0967799,0.106851,0.101984,0.108991
img_06637.jpg,0.122974,0.109021,0.104428,0.0967471,0.237506,0.107593,0.0989646,0.122767
img_07746.jpg,0.219805,0.096269,0.0973994,0.104715,0.0982926,0.102715,0.0988677,0.181935
img_07616.jpg,0.169236,0.118995,0.111441,0.106302,0.129252,0.119251,0.104391,0.141132
img_00584.jpg,0.206958,0.107595,0.10633,0.103921,0.127721,0.113309,0.107318,0.126847
img_01782.jpg,0.119333,0.10424,0.109705,0.112659,0.257086,0.0861742,0.0970696,0.113733
img_03809.jpg,0.193724,0.141003,0.10967,0.0997639,0.116874,0.0978975,0.10251,0.138558
img_06800.jpg,0.176596,0.12661,0.119342,0.111477,0.131434,0.119694,0.107525,0.107322
img_03254.jpg,0.182785,0.0993289,0.114747,0.107227,0.126587,0.129489,0.101087,0.138749
img_04073.jpg,0.145451,0.107526,0.100501,0.115284,0.128564,0.122353,0.11398,0.16634
img_00730.jpg,0.177669,0.118789,0.104181,0.107569,0.114633,0.0886774,0.108575,0.179906
img_07553.jpg,0.140604,0.113083,0.102079,0.124688,0.189542,0.10938,0.103385,0.11724
img_00550.jpg,0.193881,0.0976881,0.104046,0.101797,0.154499,0.117572,0.105389,0.125129
img_05692.jpg,0.138611,0.101774,0.113866,0.119096,0.111755,0.095706,0.0976029,0.221589
img_07192.jpg,0.174661,0.105751,0.119581,0.100534,0.151578,0.106222,0.109791,0.131882
img_02954.jpg,0.208657,0.127413,0.108068,0.10016,0.130368,0.107448,0.0999672,0.117918
img_02252.jpg,0.199035,0.119226,0.103941,0.104657,0.0994423,0.118194,0.104531,0.150975
img_06001.jpg,0.255639,0.114845,0.109796,0.111457,0.0871884,0.101532,0.101582,0.11796
img_05813.jpg,0.297549,0.105762,0.0965203,0.106192,0.0864589,0.097056,0.0978304,0.112632
img_01984.jpg,0.315921,0.0869152,0.101363,0.0982876,0.090569,0.101268,0.0931699,0.112506
img_01616.jpg,0.188983,0.104141,0.103952,0.112367,0.113921,0.106616,0.116176,0.153843
img_01384.jpg,0.204837,0.106947,0.10986,0.102559,0.128503,0.100298,0.11796,0.129034
img_04369.jpg,0.177514,0.0893536,0.114173,0.107096,0.108032,0.138318,0.104709,0.160805
img_06947.jpg,0.100324,0.105019,0.107367,0.109848,0.269087,0.0959798,0.0922722,0.120103
img_06273.jpg,0.221508,0.133092,0.109869,0.10127,0.112508,0.118698,0.102856,0.100198
img_05328.jpg,0.188101,0.103279,0.106826,0.113974,0.111098,0.10319,0.138731,0.134801
img_07354.jpg,0.172931,0.107762,0.109724,0.113741,0.121195,0.118893,0.105438,0.150316
img_03764.jpg,0.185467,0.136729,0.114161,0.101162,0.118371,0.115392,0.106548,0.12217
img_00833.jpg,0.167126,0.121043,0.110542,0.106277,0.10753,0.124675,0.107589,0.155218
img_07426.jpg,0.189428,0.111882,0.10797,0.1082,0.132776,0.0967636,0.100909,0.152071
img_06608.jpg,0.267623,0.11308,0.102711,0.106268,0.0962277,0.0990458,0.103202,0.111842
img_01834.jpg,0.173912,0.133059,0.109885,0.114329,0.112848,0.125757,0.107919,0.122291
img_02398.jpg,0.200033,0.122293,0.117455,0.11275,0.102486,0.11521,0.106328,0.123445
img_05603.jpg,0.223811,0.112627,0.113033,0.103259,0.126087,0.105212,0.101058,0.114913
img_03867.jpg,0.164633,0.123183,0.114756,0.106716,0.163902,0.113559,0.108714,0.104537
img_00982.jpg,0.150608,0.138289,0.105301,0.109774,0.157004,0.111227,0.097988,0.129809
img_05755.jpg,0.216323,0.109028,0.109848,0.110374,0.138655,0.102118,0.107426,0.106229
img_07700.jpg,0.241296,0.105714,0.0997614,0.103685,0.14036,0.0934726,0.10589,0.109822
img_04520.jpg,0.169378,0.100832,0.106766,0.127773,0.159048,0.0993244,0.118247,0.118632
img_02006.jpg,0.221902,0.111683,0.106306,0.108307,0.117114,0.0977462,0.0967033,0.140238
img_03116.jpg,0.156131,0.109919,0.10566,0.106386,0.174178,0.109129,0.106256,0.13234
img_00398.jpg,0.149373,0.105353,0.104279,0.109259,0.112707,0.121318,0.124997,0.172714
img_03456.jpg,0.177715,0.107354,0.115215,0.113304,0.166584,0.104368,0.105144,0.110316
img_00729.jpg,0.273974,0.109568,0.101727,0.100289,0.0954196,0.0929616,0.0982563,0.127804
img_04675.jpg,0.0943904,0.12424,0.153724,0.110201,0.0985719,0.099922,0.119802,0.199148
img_05349.jpg,0.150622,0.164378,0.118853,0.122206,0.102553,0.100665,0.108933,0.131789
img_01781.jpg,0.151242,0.099481,0.10634,0.129461,0.181865,0.107995,0.109546,0.114071
img_05236.jpg,0.164251,0.123424,0.106436,0.101137,0.128926,0.108028,0.128672,0.139126
img_00773.jpg,0.218246,0.11159,0.118085,0.0963653,0.103507,0.116374,0.106464,0.12937
img_03290.jpg,0.194169,0.121098,0.105722,0.103608,0.118244,0.106903,0.11888,0.131375
img_05186.jpg,0.272576,0.0937206,0.108341,0.100202,0.102243,0.113422,0.0996105,0.109884
img_04546.jpg,0.138401,0.102996,0.112118,0.113167,0.11849,0.115366,0.108811,0.190651
img_05718.jpg,0.170213,0.116019,0.102747,0.109994,0.120087,0.125437,0.116807,0.138697
img_04860.jpg,0.232594,0.103572,0.102326,0.128444,0.115835,0.10231,0.101341,0.113578
img_05896.jpg,0.350229,0.0912458,0.0901233,0.0973513,0.0889081,0.0963115,0.0954408,0.0903908
img_04128.jpg,0.155037,0.12732,0.127799,0.101176,0.117102,0.0948683,0.114406,0.162291
img_04766.jpg,0.24107,0.108234,0.103202,0.103078,0.11858,0.0950253,0.101402,0.129409
img_01134.jpg,0.21471,0.113919,0.108093,0.117823,0.123134,0.111999,0.108631,0.101691
img_03652.jpg,0.24067,0.110603,0.10985,0.1035,0.13146,0.0975402,0.100627,0.10575
img_03361.jpg,0.139799,0.174671,0.130278,0.10648,0.10224,0.103551,0.122514,0.120466
img_01171.jpg,0.188073,0.101484,0.106566,0.107886,0.174745,0.0894661,0.095392,0.136388
img_00533.jpg,0.1633,0.112479,0.106645,0.101563,0.104089,0.103169,0.114002,0.194753
img_07187.jpg,0.221935,0.104996,0.109606,0.107233,0.105001,0.10783,0.111499,0.131901
img_03231.jpg,0.239181,0.101081,0.109219,0.104953,0.113603,0.103623,0.107395,0.120945
img_04415.jpg,0.209236,0.104203,0.104872,0.120676,0.116338,0.102374,0.10314,0.139162
img_07147.jpg,0.137149,0.114851,0.113303,0.111985,0.186742,0.116023,0.104295,0.115652
img_01371.jpg,0.221341,0.111454,0.115505,0.101538,0.115571,0.104278,0.102882,0.127432
img_05147.jpg,0.19779,0.115173,0.10726,0.116996,0.110748,0.129674,0.103362,0.118997
img_07050.jpg,0.192637,0.123138,0.110168,0.126637,0.0985016,0.129932,0.103424,0.115562
img_02412.jpg,0.156833,0.0997853,0.10067,0.114132,0.13102,0.107321,0.110684,0.179554
img_00582.jpg,0.285538,0.0948919,0.100126,0.115222,0.104225,0.0921142,0.102542,0.10534
img_05241.jpg,0.203956,0.10826,0.113256,0.117413,0.117901,0.117895,0.109731,0.111588
img_00618.jpg,0.207681,0.122293,0.117417,0.110597,0.133471,0.104941,0.103976,0.0996239
img_04629.jpg,0.122406,0.0888366,0.104666,0.110972,0.123525,0.115224,0.119154,0.215216
img_07561.jpg,0.211411,0.105244,0.107232,0.111025,0.128065,0.12118,0.0996589,0.116183
img_04145.jpg,0.167958,0.109334,0.102805,0.105079,0.108453,0.111518,0.102157,0.192695
img_04885.jpg,0.14404,0.115079,0.101884,0.115983,0.130067,0.128595,0.114393,0.14996
img_01647.jpg,0.197454,0.102626,0.0973461,0.099778,0.184115,0.110969,0.103283,0.104429
img_06137.jpg,0.0994764,0.105535,0.130317,0.106477,0.0954199,0.106903,0.107055,0.248817
img_00857.jpg,0.210397,0.107124,0.114545,0.107128,0.146977,0.0978828,0.113758,0.102187
img_06525.jpg,0.156,0.127396,0.110573,0.107174,0.110129,0.11412,0.108202,0.166407
img_00484.jpg,0.168689,0.131626,0.107276,0.11598,0.0974666,0.113463,0.0984418,0.167058
img_06272.jpg,0.111886,0.109659,0.106439,0.110116,0.247219,0.0980887,0.0931586,0.123433
img_01399.jpg,0.105479,0.130696,0.117036,0.108416,0.112973,0.117631,0.118244,0.189524
img_05580.jpg,0.175862,0.11634,0.109961,0.102054,0.1083,0.0988642,0.115006,0.173612
img_07304.jpg,0.160618,0.127374,0.112792,0.124657,0.122251,0.127236,0.108082,0.116989
img_06748.jpg,0.0928697,0.0980756,0.130368,0.105376,0.0976057,0.113603,0.106242,0.255859
img_04341.jpg,0.175482,0.103732,0.107168,0.113067,0.124083,0.105066,0.1399,0.131502
img_04423.jpg,0.197821,0.117842,0.107269,0.107696,0.1321,0.0978059,0.104412,0.135054
img_05673.jpg,0.237037,0.117519,0.11233,0.0989122,0.0987578,0.123665,0.106096,0.105683
img_00119.jpg,0.120765,0.106724,0.114604,0.110533,0.172863,0.100248,0.101632,0.172631
img_05119.jpg,0.290865,0.100874,0.10178,0.115856,0.0967042,0.0969406,0.0974631,0.0995189
img_00518.jpg,0.204365,0.106949,0.113463,0.109481,0.114189,0.112277,0.0984487,0.140827
img_06831.jpg,0.145601,0.111303,0.102746,0.10084,0.123428,0.118503,0.119388,0.178191
img_04044.jpg,0.200743,0.118549,0.105982,0.10754,0.141631,0.108059,0.102966,0.11453
img_05055.jpg,0.158249,0.109091,0.110767,0.111431,0.159884,0.111014,0.106232,0.133332
img_04554.jpg,0.227151,0.107103,0.108413,0.10922,0.119962,0.103906,0.0999593,0.124286
img_01633.jpg,0.257107,0.10826,0.0976544,0.103136,0.119969,0.121226,0.0969614,0.0956854
img_00620.jpg,0.255511,0.108286,0.104396,0.101371,0.110449,0.10691,0.102607,0.11047
img_02400.jpg,0.205471,0.116697,0.113427,0.107845,0.0946084,0.111912,0.10605,0.143988
img_01102.jpg,0.166717,0.125205,0.12126,0.109463,0.140575,0.107323,0.11077,0.118686
img_06559.jpg,0.166725,0.107806,0.108833,0.104564,0.171438,0.113852,0.108155,0.118626
img_03502.jpg,0.168366,0.118767,0.109938,0.113548,0.121987,0.0985901,0.125493,0.143312
img_03252.jpg,0.22266,0.114085,0.109853,0.10263,0.121201,0.0994665,0.117031,0.113074
img_00723.jpg,0.22135,0.104047,0.110241,0.0983168,0.13869,0.106837,0.100085,0.120433
img_05967.jpg,0.155731,0.112883,0.112043,0.115991,0.16633,0.115961,0.102941,0.118119
img_04478.jpg,0.208554,0.101776,0.108821,0.111845,0.144249,0.0984662,0.114026,0.112261
img_06893.jpg,0.195855,0.112213,0.101933,0.107934,0.10364,0.120884,0.118647,0.138894
img_02811.jpg,0.266494,0.101191,0.109208,0.111986,0.0991568,0.105656,0.102134,0.104174
img_04037.jpg,0.159637,0.0966877,0.0964554,0.105518,0.0981405,0.108892,0.0973668,0.237303
img_03718.jpg,0.264043,0.102314,0.105541,0.112159,0.11014,0.107205,0.100926,0.0976723
img_02857.jpg,0.140627,0.157817,0.114762,0.104291,0.154779,0.0912014,0.101319,0.135202
img_03587.jpg,0.197326,0.108511,0.101702,0.110983,0.130716,0.100109,0.110969,0.139684
img_05915.jpg,0.140393,0.116303,0.111712,0.110419,0.107215,0.112716,0.120166,0.181075
img_05076.jpg,0.31919,0.121121,0.0907546,0.0847895,0.0811107,0.0858566,0.0917518,0.125426
img_06939.jpg,0.272561,0.115578,0.0967228,0.0978469,0.0933462,0.0943365,0.107373,0.122235
img_02726.jpg,0.186355,0.139406,0.123271,0.100375,0.126252,0.105432,0.115188,0.103722
img_07436.jpg,0.249961,0.107074,0.0915414,0.0983462,0.0987689,0.0938448,0.103877,0.156587
img_03776.jpg,0.178149,0.133836,0.104605,0.107782,0.133363,0.104881,0.108382,0.129002
img_02622.jpg,0.166315,0.129921,0.111616,0.101136,0.107009,0.132767,0.107876,0.14336
img_04003.jpg,0.241858,0.101387,0.110066,0.114657,0.107832,0.115485,0.104717,0.103998
img_02356.jpg,0.19366,0.113014,0.101737,0.114925,0.113841,0.0894094,0.102907,0.170508
img_01995.jpg,0.141432,0.113789,0.105336,0.111313,0.123188,0.133961,0.131938,0.139044
img_03726.jpg,0.156838,0.114819,0.103006,0.109962,0.122912,0.133369,0.11825,0.140844
img_02299.jpg,0.190966,0.112304,0.106165,0.11914,0.154086,0.106454,0.0980367,0.112849
img_00538.jpg,0.284196,0.097066,0.103541,0.0998354,0.105663,0.106675,0.0983005,0.104723
img_04282.jpg,0.192213,0.114038,0.105716,0.106989,0.11442,0.085445,0.132178,0.149001
