image,ALB,BET,DOL,LAG,NoF,OTHER,SHARK,YFT
img_06909.jpg,2.53758e-05,0.000347772,0.00197052,3.95186e-10,0.00075022,0.0638726,0.931674,0.00135983
img_07103.jpg,1.36687e-08,3.84033e-05,0.998583,3.36145e-11,1.14468e-07,0.000573769,0.000791132,1.31558e-05
img_04118.jpg,1.02322e-06,4.95014e-05,0.104744,1.01628e-10,0.000421811,0.881597,0.00458362,0.00860397
img_03043.jpg,1.1301e-05,0.08469,0.000333079,2.88399e-09,0.220705,0.686621,0.00763966,8.14527e-08
img_06916.jpg,7.94155e-07,0.000291148,0.366816,1.58116e-08,0.00548647,0.080136,0.448655,0.0986145
img_01431.jpg,6.96666e-07,4.9122e-05,0.975028,1.30693e-10,0.000178749,0.0162712,0.00454841,0.00392409
img_01058.jpg,4.97366e-08,5.35552e-06,3.60519e-06,9.3319e-08,3.95553e-06,0.999964,2.27285e-05,3.36865e-13
img_01249.jpg,4.20451e-05,0.000188945,0.770271,8.52204e-12,0.00136039,0.18807,0.00592094,0.0341466
img_07505.jpg,5.26139e-05,0.000137993,0.00612713,5.40628e-09,0.00112781,0.909591,0.0824824,0.000481266
img_03223.jpg,2.2085e-07,0.000744023,4.98342e-06,8.87908e-13,0.0258502,0.973387,1.33621e-05,1.86627e-10
img_02703.jpg,7.64546e-06,4.529e-05,0.000214778,3.93245e-08,0.0112127,0.694987,0.293515,1.69134e-05
img_02943.jpg,1.85005e-06,1.64507e-06,4.99926e-06,1.01561e-08,1.55151e-07,0.999885,9.93385e-05,7.35743e-06
img_00828.jpg,2.07611e-05,0.073944,0.873708,2.0016e-07,0.007062,0.0382223,0.00642278,0.00062005
img_04130.jpg,3.7815e-07,0.000604076,0.152044,1.72195e-09,0.00332243,0.3336,0.423385,0.0870449
img_00417.jpg,9.87859e-14,2.07778e-07,3.80123e-06,6.69559e-12,5.64587e-07,0.99996,3.31791e-05,2.37784e-06
img_03670.jpg,4.28655e-06,0.000475302,2.44122e-07,1.47926e-09,3.97861e-07,0.000498121,0.999022,3.45825e-09
img_00708.jpg,1.83927e-07,5.06333e-07,2.62632e-07,1.00298e-11,3.58425e-07,0.998944,0.00105525,4.79547e-10
img_03082.jpg,1.19751e-12,0.000355479,0.000324057,6.57893e-11,0.000658186,0.998059,0.000555154,4.8447e-05
img_05459.jpg,9.38106e-06,0.00101195,0.760223,6.14881e-09,0.00454957,0.185,0.0212342,0.0279715
img_07120.jpg,3.42234e-07,7.88543e-06,1.06589e-06,1.32468e-09,0.00120305,0.95801,0.040777,6.16612e-07
img_06165.jpg,1.03988e-07,2.54442e-05,3.86739e-08,4.87781e-09,3.92516e-06,0.999652,0.000317996,1.00469e-09
img_06506.jpg,1.52294e-06,8.94204e-05,0.153994,1.14153e-09,0.000190267,0.1488,0.696785,0.000139329
img_00223.jpg,5.66058e-05,4.25494e-05,0.136714,1.18651e-10,0.00511296,0.719911,0.128694,0.00946912
img_03520.jpg,1.97794e-06,3.71534e-05,0.943605,1.3928e-11,0.000164439,0.0136815,0.00205219,0.0404577
img_05950.jpg,3.5889e-05,0.0408428,0.00552652,8.91302e-09,0.000156732,0.853256,0.0995945,0.000588046
img_06547.jpg,0.00433463,0.0030088,0.673717,6.7379e-08,5.49409e-05,0.0598535,0.258784,0.000247372
img_04726.jpg,6.78906e-06,0.0149091,0.974294,1.97052e-07,0.0018387,0.00751008,0.0012362,0.000205086
img_05292.jpg,1.63488e-07,0.000136107,3.86889e-06,2.50629e-08,1.20945e-07,0.999794,6.52289e-05,4.96749e-08
img_01213.jpg,1.56126e-06,0.00018966,0.547255,8.39831e-09,0.0141429,0.0732601,0.302551,0.0626002
img_06186.jpg,1.22388e-05,0.000186587,0.551292,2.03717e-08,0.115628,0.245054,0.0435387,0.0442873
img_00030.jpg,0.000340333,0.0219172,0.0239027,4.52263e-06,0.3304,0.496492,0.126935,7.72346e-06
img_06259.jpg,9.45686e-08,0.88524,9.08127e-05,2.84354e-12,4.93164e-05,0.112579,0.00204064,2.98464e-08
img_07054.jpg,3.41828e-08,0.00395941,8.82978e-09,1.11502e-09,6.16037e-07,0.995874,0.000166387,8.55867e-14
img_02865.jpg,0.000262562,0.104379,0.0274827,1.09988e-06,0.0398921,0.684239,0.143455,0.000288204
img_02890.jpg,6.62989e-05,0.0022718,0.00401073,8.61709e-09,0.00345245,0.574693,0.413718,0.00178775
img_05210.jpg,0.000123046,2.71634e-07,0.00145792,2.79466e-07,1.87092e-06,0.989309,0.00909257,1.51377e-05
img_05322.jpg,2.84912e-05,5.41855e-05,0.994464,7.91903e-11,3.05757e-05,0.000912308,0.0032861,0.00122401
img_07023.jpg,1.36392e-06,0.031672,0.967639,2.7226e-05,2.90599e-05,0.000571454,5.99222e-05,2.9741e-08
img_02838.jpg,1.59899e-06,6.54297e-06,0.978441,1.15118e-12,2.56709e-05,0.00751351,0.00244353,0.0115677
img_04233.jpg,1.57075e-06,4.68606e-05,9.47473e-06,1.17313e-08,0.000900884,0.959135,0.0399032,2.96517e-06
img_01689.jpg,9.3041e-05,0.354355,0.00116525,7.38956e-10,0.343827,0.291306,0.00925326,3.53555e-08
img_01632.jpg,2.60663e-05,0.000279119,0.212564,7.18926e-08,8.6713e-05,0.48726,0.227846,0.0719378
img_07594.jpg,2.33324e-11,2.78109e-08,7.91424e-11,6.9454e-14,1.53321e-12,0.999999,1.18939e-06,2.8471e-10
img_07143.jpg,4.00552e-05,0.000295533,0.00662917,1.12542e-09,0.000617291,0.163806,0.824416,0.0041952
img_03422.jpg,5.30248e-07,3.49259e-07,3.51672e-06,1.67369e-10,1.27913e-07,0.999913,8.13047e-05,1.72817e-06
img_00599.jpg,5.52589e-10,4.7378e-07,2.94542e-08,7.30025e-11,2.24892e-10,0.999967,3.22705e-05,2.32106e-10
img_02188.jpg,2.55466e-08,3.18993e-06,1.12306e-08,1.20361e-12,8.08061e-11,0.999994,3.17742e-06,5.66888e-10
img_01552.jpg,2.82961e-06,0.00110439,0.00258337,5.28951e-08,0.000310707,0.769444,0.223745,0.0028096
img_03628.jpg,6.228e-09,0.0864789,0.113715,4.25973e-06,0.0275868,0.751595,0.0103358,0.010284
img_05026.jpg,1.71541e-07,2.75233e-07,9.35504e-08,5.85485e-11,9.39075e-10,0.981194,0.0188052,4.49661e-10
img_01490.jpg,3.157e-07,0.000200125,0.000791272,6.38177e-06,0.01931,0.967287,0.012405,1.92531e-10
img_01211.jpg,9.31841e-10,0.00114914,0.0214886,2.51602e-08,0.000148333,0.0782196,0.898977,1.7085e-05
img_04422.jpg,6.27819e-06,2.12325e-06,1.43948e-08,1.88274e-09,5.09523e-08,0.933015,0.066977,5.61951e-14
img_06845.jpg,7.37799e-06,0.0014591,0.156126,8.57196e-10,0.0250314,0.00372653,0.801356,0.0122929
img_03805.jpg,2.0071e-05,0.0180944,0.0939592,3.06086e-07,0.00251106,0.450918,0.312118,0.122378
img_00914.jpg,7.98532e-12,7.53192e-11,1.50848e-12,4.77648e-16,1.18618e-13,0.999999,1.47265e-06,1.37524e-08
img_04879.jpg,6.68584e-07,3.17999e-06,6.80759e-07,6.05084e-12,3.21801e-07,0.995138,0.0048567,2.84789e-08
img_00432.jpg,3.847e-06,0.000152631,2.51901e-05,1.28803e-08,8.08783e-05,0.797389,0.202015,0.000333289
img_00007.jpg,4.21548e-08,0.00040052,0.779846,1.97482e-10,0.00758996,0.099878,0.0147544,0.0975314
img_00133.jpg,9.07053e-05,0.00272967,0.00150303,4.07208e-09,0.000457466,0.15772,0.811172,0.0263279
img_02808.jpg,1.03219e-06,2.65718e-06,1.15153e-05,3.85546e-10,1.03894e-06,0.999856,0.000121129,6.64045e-06
img_05864.jpg,3.21253e-08,1.20324e-07,2.95883e-06,5.80094e-07,0.000323782,0.994226,0.00544641,8.7577e-12
img_07191.jpg,3.32315e-06,8.30174e-05,5.83675e-05,1.51911e-09,8.19558e-05,0.975053,0.0243474,0.000372807
img_00865.jpg,2.33154e-06,6.87876e-05,0.904735,8.00245e-12,0.00021398,0.0907996,0.00246795,0.00171191
img_03228.jpg,4.44096e-06,6.23455e-05,0.126257,4.14483e-09,0.00361001,0.768331,0.0278894,0.0738453
img_00125.jpg,1.02887e-05,0.00234044,0.263179,2.92445e-08,0.00712892,0.3538,0.345154,0.0283873
img_02522.jpg,0.000143537,0.0010478,0.737671,3.75264e-10,0.00399179,0.022158,0.222046,0.0129413
img_06332.jpg,8.23491e-06,2.02105e-05,6.84891e-06,1.02573e-08,7.68558e-05,0.984991,0.0148972,7.51801e-09
img_03135.jpg,4.77403e-07,0.000414286,0.000141922,4.61738e-07,6.65148e-06,0.981947,0.0174889,7.46364e-08
img_01847.jpg,1.44654e-07,1.58147e-05,1.46762e-06,1.4308e-09,6.93867e-09,0.826641,0.173341,7.23424e-11
img_06851.jpg,4.95949e-07,0.00012379,1.19457e-06,1.28197e-08,1.94188e-07,0.998306,0.00156792,8.47686e-09
img_06144.jpg,2.229e-09,8.82885e-05,0.000283942,5.04922e-10,5.49581e-07,0.945025,0.0545897,1.25673e-05
img_02379.jpg,1.12977e-08,0.207422,0.00946098,1.03655e-06,0.390626,0.187489,0.203187,0.00181443
img_05038.jpg,6.03689e-10,1.30443e-06,3.28822e-06,2.43095e-11,1.05101e-06,0.999931,6.38091e-05,1.33361e-10
img_02487.jpg,1.77714e-09,1.78292e-08,9.7945e-06,1.56816e-11,4.16171e-06,0.999981,2.79212e-06,1.92899e-06
img_04559.jpg,5.83843e-06,0.075425,0.000310311,3.29962e-10,0.190414,0.733554,0.000291315,2.84989e-08
img_06103.jpg,4.44177e-07,0.00311225,0.0679344,2.12322e-10,2.06064e-05,0.928563,0.000287268,8.24351e-05
img_04752.jpg,0.000165667,0.000402321,0.0042639,5.08228e-08,0.000657383,0.462882,0.530936,0.0006925
img_03452.jpg,3.30238e-13,2.33493e-13,2.53385e-12,1.38221e-12,1.65973e-10,1.0,1.38175e-09,1.07471e-18
img_01571.jpg,9.4105e-10,1.90618e-09,1.17781e-06,6.01571e-14,3.27797e-09,0.999999,6.32739e-10,4.04891e-10
img_03924.jpg,7.77264e-06,0.00374649,0.00618681,4.11414e-09,0.00134871,0.0383271,0.949655,0.000727721
img_01688.jpg,3.85859e-08,0.000236078,7.36413e-07,1.20281e-10,2.69666e-06,0.998933,0.000827633,5.34236e-09
img_01824.jpg,2.94195e-05,0.000170444,2.8655e-05,1.1631e-09,5.46869e-05,0.993145,0.00657191,2.87945e-07
img_00598.jpg,4.06806e-07,4.25311e-05,0.0746733,5.15373e-10,1.78405e-05,0.725518,0.0381945,0.161553
img_07146.jpg,0.000142459,0.000415088,0.000545117,0.000210292,2.89572e-06,0.998095,0.000588566,8.33543e-08
img_04719.jpg,3.94427e-11,4.23126e-09,1.99243e-11,2.28145e-14,5.96796e-13,0.999995,4.85073e-06,9.09436e-13
img_03871.jpg,1.61334e-09,2.36584e-05,0.000113975,4.05203e-10,0.000117419,0.074577,0.925163,4.68439e-06
img_00442.jpg,1.16121e-09,0.00517445,2.33779e-06,1.25918e-12,1.23869e-05,0.98004,0.0147709,3.99406e-11
img_00760.jpg,7.73673e-07,8.90483e-05,0.971455,3.68232e-11,0.000152508,0.0222463,0.00306391,0.00299254
img_02096.jpg,5.96929e-07,0.00545739,0.000138292,4.54922e-08,0.0156402,0.0387335,0.940004,2.61422e-05
img_04532.jpg,4.85951e-07,0.000283496,4.43358e-07,1.06563e-10,4.62432e-06,0.102032,0.897679,1.06365e-07
img_03310.jpg,2.22267e-05,0.00105067,0.289862,5.02597e-10,0.00234941,0.534981,0.134202,0.0375321
img_03581.jpg,0.000125404,0.000776338,0.00154469,1.96756e-08,0.00187993,0.454629,0.540865,0.000179445
img_03064.jpg,1.17562e-09,5.67878e-09,4.89355e-09,4.20109e-13,1.94048e-12,0.99999,1.02922e-05,1.87404e-10
img_04795.jpg,4.1733e-09,3.86678e-06,3.27397e-06,3.79522e-10,6.12339e-08,0.986943,0.0130496,6.80972e-10
img_06371.jpg,4.15962e-05,0.013068,0.00118114,8.2749e-12,0.0822341,0.903392,8.36755e-05,4.16253e-09
img_06469.jpg,6.28656e-06,0.000335178,0.00173513,4.89954e-10,0.000223927,0.0128735,0.983147,0.00167899
img_04405.jpg,1.67576e-07,0.00193464,1.9106e-05,2.1162e-08,7.56502e-06,0.991206,0.0068241,8.48881e-06
img_02235.jpg,1.6377e-06,8.23622e-05,1.38925e-06,1.92507e-10,2.2278e-05,0.991214,0.00867784,1.8568e-07
img_02904.jpg,6.17956e-06,1.91197e-05,0.95922,9.40555e-14,0.000552665,0.0117492,0.0242894,0.0041635
img_01328.jpg,6.73786e-06,0.000107619,0.538869,3.40681e-09,0.0356752,0.176957,0.22019,0.0281944
img_06962.jpg,5.47265e-07,7.88449e-06,2.88986e-07,2.46761e-10,1.20664e-06,0.998101,0.00188881,4.96608e-10
img_07583.jpg,1.11308e-07,5.50946e-06,1.61272e-08,1.71065e-09,0.000298404,0.969465,0.0302305,8.08616e-10
img_04076.jpg,7.41864e-05,0.00754025,0.129203,2.67369e-07,0.0873531,0.282235,0.463903,0.0296911
img_02789.jpg,0.0128704,0.0189511,0.0654596,7.71414e-06,0.02821,0.818994,0.0554015,0.000105338
img_05572.jpg,1.35632e-07,0.000331592,3.11744e-06,1.58348e-09,3.72725e-07,0.999069,0.000595394,7.15602e-08
img_06642.jpg,1.86182e-06,3.42355e-05,3.6832e-08,4.48881e-11,1.97901e-08,0.998653,0.00131063,9.15015e-09
img_00999.jpg,3.57647e-09,1.17259e-08,1.47136e-07,3.35419e-11,6.99787e-10,0.999961,3.85934e-05,8.13211e-09
img_01685.jpg,0.000280464,0.000175283,0.000406508,3.4778e-09,0.00088532,0.547611,0.448572,0.00207014
img_06268.jpg,1.55648e-12,6.36284e-10,4.27858e-07,2.08598e-12,6.58235e-12,0.999999,5.16864e-07,8.18731e-11
img_02646.jpg,1.51026e-05,0.00378321,0.00141184,8.39414e-08,0.000975223,0.922214,0.0713868,0.000213269
img_01519.jpg,7.07168e-06,9.346e-06,9.96566e-07,3.18119e-09,5.17311e-06,0.767314,0.232663,1.15592e-07
img_01649.jpg,1.3834e-05,0.000481521,0.201676,2.39472e-09,0.0235717,0.620304,0.036504,0.117449
img_04250.jpg,3.98154e-06,0.00066714,0.00532636,8.50889e-10,0.000102194,0.989228,0.00196967,0.00270274
img_02648.jpg,2.37422e-08,0.0363442,4.39534e-07,6.10286e-11,0.00198076,0.942785,0.0188892,2.28273e-08
img_07757.jpg,7.98693e-07,6.67416e-05,0.507919,2.21631e-10,1.52109e-05,0.00861337,0.482788,0.000596556
img_03475.jpg,4.77726e-09,6.72198e-08,2.44461e-06,2.66232e-09,9.00791e-11,0.999987,1.06246e-05,4.46261e-08
img_06424.jpg,3.10102e-05,0.171186,0.00379474,2.14992e-07,0.00220317,0.81985,0.00285642,7.80182e-05
img_06010.jpg,4.50348e-07,0.000121796,4.96457e-06,5.08356e-10,8.0216e-06,0.999137,0.000727845,3.77005e-08
img_02625.jpg,3.6875e-07,0.000798591,0.000172382,7.54215e-10,2.14773e-05,0.998088,0.000919092,4.24077e-07
img_04671.jpg,3.50199e-07,1.62319e-05,2.02645e-05,2.64327e-10,2.78613e-08,0.996088,0.00387472,1.53012e-07
img_05021.jpg,4.96418e-05,0.00021262,0.00764802,1.08312e-08,0.059288,0.805102,0.117948,0.00975218
img_04511.jpg,1.10713e-07,6.87129e-06,0.991416,2.44412e-12,0.000268014,0.00771801,0.000322347,0.000268223
img_03222.jpg,7.8785e-07,0.00256811,0.132571,4.13658e-10,0.00502208,0.191612,0.159237,0.508989
img_04603.jpg,6.69198e-10,9.17881e-06,0.0367301,5.26243e-14,5.01346e-07,0.956935,0.00631487,1.01323e-05
img_04888.jpg,1.81213e-09,0.158697,0.0345643,2.13289e-09,6.57212e-05,0.280929,0.52425,0.00149374
img_07375.jpg,5.36819e-08,8.44854e-07,9.34788e-07,2.52368e-10,8.96726e-09,0.999945,5.31575e-05,3.70685e-09
img_06038.jpg,1.23253e-05,0.0777019,0.000448465,4.78884e-11,0.0648986,0.844774,0.0121644,2.17272e-08
img_00664.jpg,3.73565e-07,0.00196797,0.00112429,1.37226e-07,9.93514e-05,0.673866,0.269194,0.0537477
img_01684.jpg,2.3174e-05,0.000647936,0.00617199,1.08963e-08,0.0577482,0.479313,0.400617,0.0554788
img_06732.jpg,8.77558e-08,0.000755373,0.00104534,8.15046e-09,1.53758e-06,0.0259839,0.972214,2.43654e-07
img_06426.jpg,1.35378e-05,2.10536e-05,0.23419,4.02265e-10,0.000973038,0.764784,1.81427e-05,6.48545e-09
img_05721.jpg,1.60282e-07,0.447968,1.26032e-05,3.55098e-08,0.0038705,0.424554,0.123595,2.44502e-07
img_04991.jpg,6.8298e-05,1.01622e-05,1.66273e-06,1.40817e-10,3.92632e-07,0.955825,0.0440939,4.31413e-07
img_05587.jpg,3.3685e-05,0.000289552,0.0216398,1.25203e-09,0.00389959,0.753925,0.214811,0.0054014
img_07173.jpg,6.68029e-14,3.1037e-06,4.22403e-05,3.38658e-12,9.10244e-06,0.999073,0.000108381,0.000764657
img_04959.jpg,3.58037e-06,1.25067e-06,0.971365,6.50577e-12,1.65016e-05,0.0112553,0.00493217,0.0124263
img_05520.jpg,7.14793e-10,0.000604045,0.000113078,8.25676e-11,1.36551e-05,0.999218,5.04838e-05,4.51601e-07
img_02367.jpg,1.10355e-05,0.000462188,0.34913,2.47628e-09,0.0291244,0.447742,0.0537356,0.119795
img_06685.jpg,2.51347e-05,0.00383711,0.00245112,7.32631e-09,0.000885162,0.115615,0.876629,0.000557004
img_02636.jpg,0.0036467,6.62392e-05,0.634659,1.1055e-07,7.10058e-05,0.361527,2.92316e-05,3.09047e-07
img_04271.jpg,2.23045e-06,0.00227957,0.00261576,1.21546e-07,0.00557085,0.261992,0.692508,0.0350316
img_06508.jpg,0.000600589,0.000893356,0.00240834,6.07736e-09,0.0001573,0.53819,0.457638,0.000112677
img_04503.jpg,0.00461483,0.001816,0.101883,3.51275e-08,4.58199e-05,0.392034,0.498869,0.00073715
img_03941.jpg,1.32881e-05,2.69618e-05,0.00371803,5.42256e-08,0.000416425,0.759211,0.235839,0.00077518
img_07833.jpg,4.65968e-06,0.000203303,0.329657,9.4916e-09,0.0290426,0.420994,0.118428,0.10167
img_02799.jpg,2.51335e-09,0.000250602,0.995373,1.74668e-10,4.37222e-07,0.000940211,0.00335038,8.51656e-05
img_05433.jpg,4.72712e-06,2.27663e-05,3.93462e-05,2.72287e-10,4.79063e-07,0.999741,0.000191386,2.13638e-09
img_05440.jpg,1.10788e-05,1.54151e-05,0.953834,1.27752e-12,9.53018e-05,0.0394047,0.00554019,0.00109906
img_07508.jpg,3.47421e-05,4.44272e-05,8.48558e-06,4.82795e-08,0.000882363,0.97868,0.0203494,3.37331e-08
img_03195.jpg,3.66337e-06,8.90386e-05,4.57711e-06,2.54677e-09,3.48159e-07,0.999814,8.88113e-05,7.4348e-09
img_07005.jpg,7.80284e-07,0.00121691,0.654862,4.23459e-10,0.000957048,0.148454,0.0147564,0.179753
img_05489.jpg,2.63124e-07,0.000216379,2.01378e-05,3.62012e-09,0.000386556,0.487702,0.508304,0.00337116
img_03426.jpg,1.35049e-08,0.00175265,0.0306253,3.4988e-09,4.41355e-06,0.954941,0.0126676,9.04078e-06
img_03760.jpg,5.52635e-09,5.29963e-05,2.58692e-06,2.36331e-11,4.47488e-06,0.999707,0.000232463,1.11247e-07
img_04856.jpg,5.59734e-06,4.38199e-05,0.736759,4.01296e-11,0.000908798,0.132343,0.00315291,0.126787
img_02209.jpg,2.68405e-09,0.000875388,0.000115605,2.51587e-10,5.88948e-05,0.998668,0.00028152,5.5868e-07
img_00071.jpg,1.3227e-05,0.00134219,0.804856,7.60238e-09,0.0101761,0.109711,0.064189,0.0097123
img_00726.jpg,1.5393e-06,0.259976,0.00304621,4.61192e-09,3.53476e-05,0.126617,0.610324,2.41082e-07
img_01888.jpg,1.54042e-07,0.000135185,2.54222e-07,4.32261e-11,3.2973e-06,0.123504,0.876357,5.05164e-08
img_03547.jpg,1.55225e-07,0.000439215,0.781378,1.5189e-09,0.0041239,0.0885541,0.00429475,0.12121
img_05426.jpg,2.60683e-07,0.000185497,0.893193,5.92348e-10,0.0010165,0.0812233,0.00887668,0.0155052
img_07717.jpg,1.02886e-07,0.0147065,0.143753,1.07768e-08,0.0106937,0.12854,0.176827,0.52548
img_03490.jpg,0.00153433,7.9993e-08,1.41942e-05,5.365e-06,2.42601e-07,0.975486,0.0229587,1.46188e-06
img_00005.jpg,2.92339e-05,4.2005e-05,1.2549e-05,1.1577e-09,4.44245e-05,0.0859507,0.913781,0.000140316
img_01657.jpg,8.25673e-08,6.39571e-05,1.06055e-06,7.48281e-07,0.0101798,0.988994,0.000759912,2.18719e-07
img_00974.jpg,7.71602e-06,0.00102525,0.0221686,4.19377e-08,0.00264247,0.855965,0.0849982,0.0331927
img_05264.jpg,1.06837e-09,0.000127222,2.63394e-08,2.45898e-07,0.00304717,0.994596,0.00222894,7.04498e-08
img_06324.jpg,5.60211e-08,4.28177e-05,1.88761e-06,5.82942e-10,5.13334e-08,0.945874,0.0540813,1.11998e-08
img_00808.jpg,1.24915e-08,0.000187728,0.0132788,2.00857e-09,0.000158725,0.803264,0.0212203,0.161891
img_01090.jpg,2.40025e-05,2.5505e-05,0.994096,1.76884e-10,3.18248e-06,0.00536705,0.000481241,3.37187e-06
img_02739.jpg,1.05673e-06,7.00186e-05,0.441829,3.01784e-09,0.000739795,0.187213,0.368245,0.00190199
img_02146.jpg,0.000796265,3.25906e-05,0.00466456,1.89355e-05,4.27268e-05,0.902958,0.0911895,0.000297369
img_04285.jpg,1.99037e-07,4.11289e-07,3.35159e-07,9.69659e-11,3.60907e-09,0.96778,0.0322192,1.27194e-09
img_00646.jpg,4.95482e-06,0.0327998,0.000161553,1.1206e-10,0.0541429,0.9026,0.0102909,1.97429e-08
img_00289.jpg,0.000128524,0.00253667,0.0284684,3.57483e-08,0.00356673,0.192305,0.762149,0.0108461
img_03181.jpg,3.06228e-06,0.000105159,0.320877,7.01604e-10,0.000838629,0.457359,0.0562661,0.16455
img_00164.jpg,4.71079e-08,0.000230754,0.854558,1.30801e-09,0.000140683,0.111125,0.0339314,1.36674e-05
img_06986.jpg,1.22687e-05,0.00103023,0.495134,1.27842e-09,0.00202638,0.276963,0.159914,0.0649198
img_03602.jpg,5.58956e-09,7.29231e-05,4.80627e-05,9.49619e-11,4.34914e-05,0.998232,0.0016033,4.62217e-07
img_02702.jpg,6.58098e-06,1.71835e-05,0.68561,4.1755e-10,4.00198e-06,0.0802256,0.212569,0.0215673
img_01955.jpg,3.92427e-09,0.000176489,0.00602464,8.97942e-11,9.5008e-06,0.983992,0.00978685,1.09011e-05
img_05222.jpg,2.97541e-06,0.00013187,0.00986815,2.71785e-08,0.00150528,0.290315,0.0710179,0.627159
img_03410.jpg,0.000145268,0.00693048,0.689336,1.7851e-07,6.05174e-05,0.100559,0.187936,0.0150329
img_04921.jpg,5.02427e-06,0.000207839,0.00303391,9.456e-09,7.19984e-05,0.989339,0.00734029,1.52421e-06
img_06321.jpg,1.82598e-07,4.01738e-07,1.62694e-06,2.72736e-11,1.06622e-09,0.999992,6.10945e-06,9.14258e-10
img_06440.jpg,1.22714e-09,3.24522e-05,3.65349e-05,1.28048e-10,2.3852e-06,0.961765,0.0381631,1.93032e-07
img_02949.jpg,3.52303e-06,5.16067e-05,0.975242,2.68085e-12,0.000869413,0.0163562,0.00118792,0.00628878
img_03945.jpg,4.65931e-09,3.92089e-05,9.3924e-06,3.23282e-10,2.79258e-06,0.995681,0.00426764,8.84665e-08
img_04015.jpg,9.76708e-06,0.000683629,0.0196511,8.03024e-10,0.0164555,0.300455,0.427722,0.235023
img_02766.jpg,5.88394e-06,0.0014445,0.0106989,6.69106e-08,0.000299905,0.632493,0.348169,0.00688911
img_01142.jpg,2.69506e-06,1.64652e-05,0.988812,7.44005e-13,0.00011119,0.00609657,0.000776703,0.0041841
img_04410.jpg,5.93773e-07,0.000549505,0.213849,3.2378e-08,0.000345366,0.750591,0.017218,0.0174469
img_01379.jpg,4.3202e-06,7.16911e-06,1.74346e-06,2.17823e-09,7.34377e-07,0.997811,0.002133,4.20737e-05
img_01366.jpg,0.000301853,0.00635158,0.0202539,1.5153e-08,0.00455162,0.621999,0.344793,0.00174811
img_05828.jpg,1.74388e-06,1.89601e-05,3.25486e-07,3.03235e-10,0.000440281,0.99646,0.00307457,3.81501e-06
img_02082.jpg,0.00781605,0.0186773,0.229646,8.92796e-06,0.00851727,0.582786,0.152499,4.8932e-05
img_05492.jpg,3.15112e-06,2.54613e-05,0.000128112,5.0698e-06,0.105995,0.831649,0.0621945,4.9802e-10
img_00493.jpg,6.39202e-06,1.41066e-06,1.08336e-06,3.82356e-10,5.07668e-05,0.975217,0.0247218,1.99641e-06
img_04129.jpg,1.38943e-06,0.007823,0.142788,8.99905e-10,0.0495025,0.425629,0.263403,0.110854
img_03210.jpg,1.07377e-06,5.2286e-05,1.77736e-07,1.4959e-06,0.00330279,0.986359,0.0102833,1.41459e-09
img_04640.jpg,9.68454e-07,0.000471854,8.30031e-07,9.69377e-10,2.19892e-09,0.999451,7.55136e-05,7.61128e-09
img_04712.jpg,3.5259e-09,4.69814e-06,3.42531e-07,7.47613e-12,2.81233e-07,0.999908,8.7059e-05,3.83834e-09
img_02372.jpg,4.65071e-05,0.000164,0.00146621,2.96287e-07,0.000621708,0.316289,0.681382,3.03261e-05
img_02749.jpg,9.96583e-05,0.00134655,0.00234015,4.35261e-08,0.00242057,0.578088,0.41556,0.000144099
img_01022.jpg,3.51779e-05,0.000312798,0.0111525,7.82186e-09,0.00207061,0.124566,0.860812,0.0010507
img_00285.jpg,1.14272e-09,2.20367e-07,9.15517e-08,3.66474e-11,1.78263e-07,0.998283,0.00171629,5.0257e-08
img_06922.jpg,3.25321e-07,9.28455e-06,1.55569e-06,1.11573e-09,6.70605e-06,0.999501,0.000481402,5.49792e-09
img_02540.jpg,1.29755e-06,1.54772e-05,4.22285e-06,1.86432e-09,3.32164e-05,0.965047,0.0348159,8.26909e-05
img_01831.jpg,8.75896e-05,0.000691899,0.00240815,4.75944e-08,0.0017859,0.430836,0.563889,0.000300991
img_00575.jpg,1.40282e-08,1.6888e-05,8.88212e-05,2.15589e-13,1.17283e-08,0.999803,9.11928e-05,2.05879e-10
img_04247.jpg,0.00754384,0.0309358,0.00490901,5.81961e-07,0.00102422,0.953084,0.00240322,9.9243e-05
img_02666.jpg,4.30549e-05,0.0012136,0.0199655,1.37342e-08,0.000527812,0.796471,0.154435,0.0273443
img_06285.jpg,2.51931e-07,6.82951e-07,1.0258e-09,3.13015e-12,1.86383e-06,0.999836,0.000161343,8.82201e-08
img_00172.jpg,1.00632e-05,0.000409771,0.000548402,1.4533e-09,6.64125e-08,0.933612,0.0651998,0.000219617
img_07590.jpg,4.79788e-11,8.2035e-06,0.000147289,1.02438e-08,1.06737e-05,0.933917,0.0658817,3.47773e-05
img_06975.jpg,2.79266e-08,9.27426e-10,1.4312e-08,2.68748e-12,2.37623e-11,0.999995,4.58714e-06,5.47448e-12
img_05568.jpg,4.57703e-08,0.000469693,0.936581,1.86196e-10,4.97835e-06,0.00891618,0.0539717,5.68047e-05
img_05595.jpg,5.90304e-10,1.09618e-06,5.16165e-09,3.18949e-12,3.34593e-09,0.999996,3.35107e-06,3.73514e-08
img_05087.jpg,8.10331e-06,0.000183659,0.00377579,3.14361e-08,0.000134891,0.698406,0.285534,0.011958
img_00590.jpg,8.67124e-08,1.82417e-06,1.73111e-06,9.11144e-11,1.15916e-06,0.998573,0.00142256,2.5405e-09
img_04507.jpg,0.000200879,1.72699e-07,6.77059e-07,3.85175e-12,0.000332602,0.998981,0.000484739,6.28839e-10
img_00180.jpg,2.79485e-07,8.88079e-06,6.94328e-07,1.26754e-09,0.00155001,0.96499,0.03345,4.71114e-07
img_02889.jpg,5.47029e-05,0.000577769,0.114148,1.67433e-10,0.000933661,0.851391,0.0279696,0.00492495
img_04263.jpg,6.19705e-06,5.52288e-06,1.0008e-07,8.12888e-09,0.000114789,0.994129,0.00573879,5.92903e-06
img_05276.jpg,1.66395e-06,0.00996973,0.975157,3.1007e-08,0.00250363,0.0102027,0.00188597,0.000279028
img_07818.jpg,2.37429e-08,0.000547647,0.985482,2.81395e-10,5.27463e-07,0.00544091,0.00840272,0.00012592
img_04476.jpg,3.32661e-07,1.44269e-07,5.77256e-08,1.22744e-10,7.4313e-09,0.997985,0.00201434,1.18656e-09
img_00282.jpg,8.37982e-05,0.0012739,0.0026712,6.95951e-09,0.00349608,0.793901,0.198195,0.000378837
img_02687.jpg,4.06571e-12,0.0485276,0.00162628,5.87889e-09,1.50078e-05,0.30538,0.592571,0.0518804
img_02920.jpg,3.64056e-06,0.00138166,0.27197,1.44938e-10,0.00376684,0.645219,0.0511155,0.0265439
img_02172.jpg,1.01831e-05,0.000650497,0.140123,5.49821e-10,0.000171223,0.103764,0.692749,0.0625316
img_07348.jpg,2.01196e-07,0.00146432,0.552416,3.4938e-08,2.36823e-06,0.110094,0.331775,0.00424727
img_01803.jpg,6.30486e-09,3.22383e-05,1.0242e-07,1.00281e-07,3.87513e-05,0.998226,0.00170277,8.93496e-11
img_01222.jpg,1.00118e-05,0.00547045,0.202871,2.13405e-08,0.0607066,0.422915,0.15892,0.149106
img_06302.jpg,5.1264e-06,3.15552e-06,0.000489507,1.60261e-07,2.9014e-06,0.998604,0.000876654,1.82822e-05
img_07893.jpg,4.95935e-09,7.10437e-05,3.29121e-08,1.27009e-10,1.14266e-07,0.999855,7.37197e-05,7.25667e-10
img_05015.jpg,2.14684e-07,0.00022052,0.907603,7.22423e-10,0.00125323,0.0573613,0.00796136,0.0256007
img_07224.jpg,0.00039715,0.000536058,0.104524,1.91605e-08,0.0016835,0.744968,0.0150738,0.132817
img_07352.jpg,1.54338e-10,3.97457e-09,7.87208e-06,9.19589e-13,3.65913e-08,0.999991,4.78147e-07,6.97902e-07
img_01640.jpg,1.43499e-07,7.40185e-05,0.796126,4.48748e-09,0.000256955,0.106722,0.0967524,6.87258e-05
img_05908.jpg,0.000176367,0.000916689,0.000104541,7.13467e-09,1.72726e-05,0.983423,0.015338,2.38298e-05
img_04013.jpg,1.82803e-06,0.000334912,1.22945e-05,4.34748e-10,0.000217951,0.966919,0.0325124,1.33558e-06
img_01224.jpg,8.26238e-07,0.00852465,1.07515e-06,1.85094e-08,3.52049e-05,0.989366,0.00207242,1.03262e-08
img_07419.jpg,1.95211e-05,0.302669,0.00028011,9.42663e-10,0.094561,0.55697,0.0455006,3.20995e-07
img_07160.jpg,7.61891e-06,0.000211054,0.05953,4.16749e-09,0.000336249,0.227551,0.696171,0.0161934
img_03444.jpg,5.9607e-05,0.00484454,0.937805,6.17628e-06,0.000318741,0.0182755,0.0137987,0.0248923
img_05722.jpg,0.0264124,0.000442547,8.07339e-05,2.85519e-09,0.000117166,0.898494,0.0744359,1.75139e-05
img_03943.jpg,2.02011e-07,0.000545391,2.70533e-05,1.46062e-08,2.15985e-05,0.988072,0.0113336,3.08989e-09
img_05640.jpg,8.92053e-06,0.000253206,0.414181,8.12152e-10,0.0146342,0.34197,0.0292855,0.199668
img_06959.jpg,1.48321e-05,0.000448953,0.30991,1.9681e-09,0.02896,0.510457,0.0483752,0.101834
img_07628.jpg,0.000332385,0.0151753,0.0326217,2.07159e-08,0.00189813,0.144904,0.802251,0.00281776
img_05293.jpg,2.99663e-08,3.0486e-05,4.92541e-08,3.36439e-10,1.29818e-06,0.9819,0.0180685,4.70822e-08
img_05475.jpg,1.131e-06,0.000238075,0.0244468,2.42056e-07,0.00158086,0.341465,0.45927,0.172998
img_00473.jpg,1.12147e-11,0.472009,0.0851396,1.50879e-06,0.0389469,0.0829769,0.320684,0.00024222
img_02974.jpg,2.24371e-11,2.26594e-13,3.56435e-08,6.85067e-15,5.45504e-10,1.0,1.88976e-08,5.06601e-10
img_02077.jpg,0.00033642,0.000615073,0.00373112,7.2232e-08,0.000773777,0.544112,0.449146,0.00128616
img_06832.jpg,6.47871e-05,0.000375297,0.00517227,6.66771e-07,1.35604e-05,0.972931,0.0185738,0.00286899
img_06690.jpg,3.80606e-07,0.0355011,5.43204e-06,6.66521e-09,0.000560406,0.899729,0.0642037,1.15648e-07
img_01426.jpg,5.37695e-10,0.00274256,3.65718e-05,3.33087e-10,3.2288e-08,0.990988,0.00623292,2.7788e-12
img_07051.jpg,1.5472e-09,0.000227903,0.000303379,2.1435e-09,6.33859e-09,0.998345,0.00112399,2.88505e-14
img_07318.jpg,4.91629e-05,0.0304223,0.000425891,6.5339e-10,0.193545,0.772649,0.00290871,2.98556e-08
img_00027.jpg,4.18213e-08,0.000571313,1.14775e-05,1.03605e-10,8.13625e-08,0.999375,4.12917e-05,4.33052e-07
img_06616.jpg,1.29949e-05,0.000185244,1.74105e-06,4.45685e-09,3.51886e-07,0.999719,8.00236e-05,1.95188e-07
img_07319.jpg,3.63349e-08,0.00012089,1.03398e-05,1.83667e-09,2.72606e-07,0.987665,0.0122031,1.18552e-07
img_02416.jpg,0.00101233,8.97863e-08,8.71021e-06,3.21353e-06,2.11816e-07,0.988261,0.0107107,3.54043e-06
img_02734.jpg,1.00554e-05,0.00230981,0.492207,9.5893e-10,0.00510606,0.287172,0.0998778,0.113317
img_03563.jpg,7.22223e-10,9.86666e-06,0.0165591,2.38636e-10,0.000313169,0.980426,0.00261252,7.93067e-05
img_02422.jpg,2.97998e-07,2.33297e-05,5.66328e-08,3.56362e-10,2.34688e-08,0.99929,0.000686675,2.77454e-08
img_07156.jpg,4.02263e-08,6.74034e-05,0.622885,2.84481e-09,0.0197779,0.0439703,0.00165334,0.311646
img_05439.jpg,0.000154411,0.0258422,0.16787,1.19936e-06,0.0114759,0.125858,0.666338,0.00245975
img_06571.jpg,2.36788e-09,2.46694e-05,0.00548552,9.10364e-09,0.00016233,0.378312,0.0138043,0.602211
img_01825.jpg,6.74612e-05,0.00173942,0.701812,4.14182e-10,0.00150089,0.0687124,0.204646,0.0215224
img_05754.jpg,1.07107e-07,0.000143225,8.18128e-05,1.28593e-09,2.62469e-05,0.996775,0.00297169,2.29746e-06
img_02347.jpg,5.17734e-06,6.30726e-05,0.800464,4.65129e-12,9.5583e-06,0.00385061,0.195443,0.000164476
img_06311.jpg,2.14901e-06,9.1723e-05,0.0634175,1.76558e-09,0.00059699,0.837996,0.0341835,0.063712
img_01593.jpg,6.25553e-07,0.000219325,1.94899e-05,1.22432e-08,2.01163e-05,0.974423,0.0253172,1.84859e-07
img_02291.jpg,0.000289189,0.0255578,0.0128833,9.01221e-08,0.000141651,0.667412,0.29301,0.000705987
img_03229.jpg,1.40077e-08,2.80281e-05,9.23772e-08,2.04693e-09,1.21661e-06,0.999643,0.000327213,1.95592e-09
img_00311.jpg,7.22096e-08,6.72303e-06,0.953758,2.81134e-10,0.000164186,0.0261907,0.0197247,0.000155464
img_05251.jpg,3.70495e-05,0.000212075,1.3278e-06,1.00491e-08,1.04447e-05,0.998619,0.00111991,3.76102e-07
img_02119.jpg,8.9163e-05,0.000152282,0.100624,2.75971e-10,0.0065789,0.724422,0.160404,0.00773037
img_01856.jpg,6.26037e-10,0.931679,0.00323743,1.31244e-07,0.00123151,0.00177931,0.058527,0.00354609
img_02769.jpg,2.96964e-05,0.58775,0.00158464,3.22085e-11,0.110095,0.299305,0.00123492,2.47589e-08
img_05539.jpg,0.000144198,0.00199856,0.00942777,7.78816e-09,0.0087235,0.491774,0.485959,0.00197212
img_05548.jpg,5.07017e-08,0.000562569,0.715739,1.83043e-09,0.00472214,0.136316,0.00951476,0.133145
img_03674.jpg,3.53019e-05,0.000100104,0.917591,1.18529e-11,0.000644402,0.0733635,0.00472478,0.0035409
img_04740.jpg,6.71485e-06,0.000817856,0.000638222,1.50114e-08,0.00491379,0.596474,0.390256,0.00689343
img_06373.jpg,2.69465e-07,0.0634528,6.91996e-06,1.73821e-09,0.00531991,0.368425,0.562794,1.12259e-06
img_02124.jpg,4.18152e-09,2.00945e-05,1.66453e-05,4.19029e-10,9.07126e-07,0.996356,0.00360654,2.70535e-07
img_05084.jpg,1.05174e-06,1.57865e-05,5.12365e-06,2.24438e-10,4.78401e-09,0.999934,4.3738e-05,4.81066e-09
img_06521.jpg,2.81843e-08,4.21969e-05,1.92406e-05,3.10335e-10,1.50007e-07,0.999457,0.000481582,7.25247e-09
img_04237.jpg,5.58562e-09,3.94602e-06,0.000108082,7.18996e-11,8.48657e-05,0.9989,0.000902923,1.63412e-10
img_00894.jpg,0.000671589,5.44694e-05,0.153942,0.00144125,3.36071e-05,0.832707,0.0111351,1.5533e-05
img_00292.jpg,2.17703e-08,1.86396e-08,1.59057e-09,6.48207e-10,1.58408e-10,0.999922,7.8361e-05,1.08445e-10
img_07448.jpg,2.38446e-05,3.73592e-05,0.911497,2.15857e-12,0.000143075,0.0809906,0.00190063,0.00540766
img_03527.jpg,4.45349e-06,0.000144714,2.14228e-06,1.11705e-06,0.0286122,0.946726,0.0245089,2.47864e-08
img_03801.jpg,1.26904e-08,0.374281,0.554575,8.18882e-10,0.000144558,0.0231489,0.047789,6.12673e-05
img_06673.jpg,1.1267e-05,0.00098435,6.9195e-05,6.76421e-06,1.78934e-05,0.83833,0.16058,5.66587e-09
img_07428.jpg,3.3845e-06,9.25632e-05,0.343599,4.1629e-09,0.0118113,0.471675,0.157434,0.0153845
img_04750.jpg,1.26101e-05,0.000646246,0.763014,1.49871e-10,0.00185014,0.228482,0.00387002,0.00212551
img_05948.jpg,3.06838e-06,1.98629e-05,2.02502e-05,4.37376e-10,1.44557e-05,0.995542,0.00440044,1.83689e-08
img_00152.jpg,4.0999e-06,0.0555769,0.000878467,1.0336e-09,0.120038,0.822991,0.000511696,1.38833e-09
img_00654.jpg,1.06594e-05,8.89964e-05,0.906694,3.60345e-11,0.000149336,0.0532671,0.00748793,0.0323021
img_03074.jpg,1.15661e-07,0.00220079,0.290336,2.00692e-09,0.000604147,0.665033,0.0128969,0.0289291
img_05156.jpg,4.54404e-05,0.00286611,0.00127574,1.08113e-08,0.00148058,0.446857,0.54604,0.00143506
img_05682.jpg,2.75778e-11,8.65563e-08,1.12501e-08,7.91073e-14,1.30314e-08,0.999991,8.23949e-06,2.83797e-07
img_00046.jpg,1.13773e-10,0.0018819,4.12546e-06,3.09315e-09,5.33761e-06,0.101327,0.896782,1.17562e-08
img_01745.jpg,8.43675e-06,0.00154032,0.824567,1.28796e-12,0.000238023,0.14781,0.00197503,0.023862
img_03488.jpg,3.01019e-06,0.000290898,0.215383,1.86624e-10,0.000488664,0.77518,0.00322175,0.00543238
img_05438.jpg,8.73113e-05,0.00035703,0.00228052,2.70813e-09,0.0129506,0.288412,0.690408,0.00550498
img_03087.jpg,0.000214022,0.000145654,0.0296034,4.55327e-10,0.000248523,0.737577,0.210731,0.0214802
img_02285.jpg,0.000222837,0.352567,0.00276489,1.5854e-06,0.00030893,0.278295,0.365632,0.000207248
img_06237.jpg,2.08649e-06,4.59974e-06,0.950974,1.53933e-12,6.48643e-05,0.0453631,0.00124538,0.00234566
img_00446.jpg,1.84968e-06,0.00078566,0.00720021,1.13885e-09,0.00203063,0.100904,0.661027,0.22805
img_05445.jpg,0.000105015,0.000582337,0.00526274,9.90315e-07,0.000498653,0.258194,0.731214,0.00414308
img_04830.jpg,3.09086e-05,0.00385995,3.77275e-05,1.1409e-09,2.20738e-06,0.0141724,0.981897,8.43565e-08
img_06807.jpg,0.0684449,0.00101537,0.0231077,5.44089e-07,0.00106183,0.881747,0.0244687,0.000153868
img_06294.jpg,4.79709e-09,2.21842e-07,1.05243e-07,7.78982e-10,2.28302e-05,0.999559,0.000417977,2.48617e-07
img_06798.jpg,1.42789e-06,0.000109392,0.492735,7.1417e-10,0.000352653,0.0380245,0.011668,0.457109
img_01188.jpg,2.30574e-07,0.00180119,8.14269e-06,2.72022e-09,1.13424e-05,0.301624,0.696555,2.8637e-07
img_05857.jpg,4.67802e-06,0.000659105,0.48997,1.82598e-09,0.0470142,0.429938,0.00395168,0.0284628
img_04419.jpg,1.09998e-05,0.00040912,0.0277906,6.23113e-09,0.0123776,0.612837,0.311299,0.0352758
img_05284.jpg,5.3814e-07,1.65407e-05,1.17515e-09,8.82833e-10,2.8785e-06,0.944872,0.0551079,8.10725e-14
img_07278.jpg,3.30925e-07,6.22454e-05,0.519912,2.88379e-09,0.000694298,0.260817,0.217106,0.00140754
img_00587.jpg,6.52105e-09,7.0518e-06,4.59552e-07,7.61945e-13,1.17886e-09,0.999984,8.53766e-06,3.73832e-08
img_07543.jpg,0.000201926,0.000431108,0.356868,2.25352e-10,0.00150183,0.173719,0.396385,0.0708927
img_03238.jpg,6.01462e-08,3.02525e-06,3.79603e-08,8.37556e-12,4.20245e-07,0.998172,0.00182451,3.35309e-09
img_04257.jpg,4.5558e-07,1.55763e-05,0.000157971,3.87107e-10,7.54815e-05,0.999146,0.00059887,6.12375e-06
img_05735.jpg,4.55138e-10,8.05239e-06,1.27022e-07,1.37697e-09,7.46314e-08,0.999618,0.000373235,4.72257e-09
img_01996.jpg,1.55846e-08,5.84678e-05,3.22863e-06,9.71396e-11,1.62386e-06,0.997973,0.00196347,1.18761e-07
img_05074.jpg,0.086102,0.0101738,0.111347,3.14514e-05,0.00449519,0.693526,0.0818515,0.0124729
img_04642.jpg,3.9917e-12,7.45719e-11,1.35786e-06,6.79144e-14,1.14989e-07,0.999998,4.48775e-08,5.72509e-10
img_07659.jpg,1.87936e-08,2.62128e-05,1.96346e-07,1.4666e-08,2.89056e-08,0.999321,0.000652564,4.40716e-09
img_04138.jpg,3.07053e-06,7.05817e-05,0.000567133,7.15305e-10,7.52608e-05,0.99253,0.0040189,0.00273528
img_07467.jpg,2.25843e-07,0.000292907,0.977936,4.13994e-09,1.01372e-06,0.0184814,0.00305938,0.000229535
img_05794.jpg,3.45702e-07,0.000470656,0.124806,3.09514e-10,0.00220108,0.51998,0.233304,0.119237
img_06637.jpg,7.26028e-07,2.20987e-05,0.000823055,6.19284e-12,1.11709e-06,0.165386,0.830988,0.00277968
img_07746.jpg,4.35863e-05,1.30745e-05,0.000171889,1.64463e-07,3.19784e-06,0.82981,0.169948,1.00671e-05
img_07616.jpg,1.46136e-06,6.11241e-06,0.994448,9.04924e-14,2.87485e-05,0.00488827,0.000223261,0.000404185
img_00584.jpg,2.50919e-05,0.000134724,0.000845551,4.70596e-10,0.0014813,0.931455,0.0592372,0.00682148
img_01782.jpg,0.000809859,0.0233595,0.114852,7.30726e-07,0.0203101,0.191006,0.648497,0.00116418
img_03809.jpg,7.51343e-09,5.92117e-07,2.63276e-06,1.03334e-08,3.44503e-06,0.999885,0.000107856,6.45556e-13
img_06800.jpg,2.41386e-05,5.67258e-05,0.744051,4.68585e-12,0.000103251,0.224324,0.00260271,0.028838
img_03254.jpg,4.50426e-10,4.55024e-05,8.92717e-06,3.51102e-11,2.1072e-06,0.994887,0.00505667,5.61125e-08
img_04073.jpg,1.73843e-07,0.000471861,6.3932e-08,4.11443e-10,2.43274e-06,0.974287,0.0252374,6.9664e-07
img_00730.jpg,3.8098e-06,2.64401e-06,2.1956e-09,1.6953e-12,5.71302e-11,0.999852,0.000141718,5.15404e-09
img_07553.jpg,3.26165e-05,0.00201624,0.234209,1.66585e-09,0.00839059,0.215417,0.454965,0.0849697
img_00550.jpg,3.37092e-06,0.000157872,8.44637e-05,1.09115e-09,0.000175681,0.974307,0.0250493,0.000222724
img_05692.jpg,2.36509e-06,0.238026,0.000324736,3.74192e-09,0.00882972,0.70938,0.0434371,1.67982e-07
img_07192.jpg,1.77039e-06,0.0528015,0.0671985,1.42468e-08,0.000796432,0.116305,0.762787,0.00010947
img_02954.jpg,0.00012532,9.59416e-05,0.21456,6.43026e-10,0.000145923,0.36,0.421241,0.00383219
img_02252.jpg,4.68858e-07,0.00221011,0.161064,1.07243e-07,9.56027e-08,0.834764,0.00108303,0.00087857
img_06001.jpg,4.89092e-06,0.000211443,0.0081772,3.44146e-09,0.0297654,0.0159905,0.933595,0.0122552
img_05813.jpg,3.33434e-08,0.000199621,0.865488,2.19054e-10,0.00272336,0.0213668,0.0143365,0.0958853
img_01984.jpg,2.61591e-07,0.00637751,0.291594,5.56452e-10,0.00544693,0.418577,0.0315385,0.246465
img_01616.jpg,4.61351e-07,0.00121043,0.000127612,5.47122e-09,0.000135958,0.748202,0.250324,1.21964e-07
img_01384.jpg,6.08099e-06,2.55223e-05,3.43624e-05,4.30812e-10,3.17489e-05,0.960063,0.0396055,0.000234133
img_04369.jpg,7.5326e-08,0.000173208,1.55967e-05,7.52831e-10,2.37686e-06,0.930716,0.0690904,2.76862e-06
img_06947.jpg,0.000629085,0.0332076,0.137188,7.57617e-07,0.0198934,0.157777,0.650581,0.000723573
img_06273.jpg,7.58147e-06,0.00430986,0.32924,1.62053e-08,0.000403125,0.498948,0.145231,0.021861
img_05328.jpg,1.61017e-05,0.000895554,2.51429e-06,2.02862e-08,0.000115237,0.978573,0.0203976,5.24979e-08
img_07354.jpg,5.44069e-11,0.000176582,0.997196,4.1599e-11,3.70813e-08,0.00235491,0.000201178,7.1629e-05
img_03764.jpg,1.51263e-05,5.10421e-05,0.0299446,5.74862e-10,0.000109436,0.955267,0.00854408,0.00606837
img_00833.jpg,5.53847e-07,8.537e-06,9.04745e-07,9.39744e-10,4.61359e-07,0.984966,0.0150233,5.89189e-08
img_07426.jpg,2.14893e-05,0.000462095,0.0295153,6.74041e-10,9.47847e-05,0.881218,0.0752918,0.0133967
img_06608.jpg,3.12565e-05,0.000199058,0.000259704,1.84621e-07,3.18126e-05,0.996597,0.00287459,6.80916e-06
img_01834.jpg,2.21356e-06,0.0125179,9.12275e-06,8.8014e-08,0.000490556,0.984797,0.00218335,1.4252e-08
img_02398.jpg,2.10168e-05,0.000100873,0.00133534,6.67733e-09,5.80423e-05,0.813107,0.185351,2.69864e-05
img_05603.jpg,5.86276e-06,5.04069e-06,0.928547,2.57081e-12,0.000244279,0.059667,0.00384291,0.00768801
img_03867.jpg,1.90582e-05,0.000808708,9.40615e-05,8.16559e-10,8.10238e-06,0.97539,0.0230934,0.000586547
img_00982.jpg,0.000582512,7.86016e-07,9.58531e-07,1.09367e-07,1.67217e-07,0.961289,0.0380964,3.00871e-05
img_05755.jpg,4.23454e-06,8.68051e-05,0.568212,1.76698e-09,0.0449226,0.280699,0.0873652,0.0187109
img_07700.jpg,1.5165e-06,2.72745e-05,6.18776e-06,5.25158e-10,2.99586e-05,0.993323,0.00659022,2.2164e-05
img_04520.jpg,9.59663e-07,0.00361065,0.0014576,3.34263e-06,0.00826782,0.839162,0.147497,3.33487e-07
img_02006.jpg,3.27128e-05,0.000416245,0.0452335,9.53908e-10,8.11837e-05,0.801536,0.147803,0.00489753
img_03116.jpg,7.16581e-05,0.00860169,0.00197102,5.53657e-09,0.00615913,0.123566,0.859361,0.000268615
img_00398.jpg,2.21479e-06,0.42112,0.0120113,1.30062e-07,0.10451,0.41327,0.0484296,0.000656957
img_03456.jpg,3.94082e-06,0.0115761,0.955668,5.17633e-08,0.00089132,0.0235464,0.008083,0.000231152
img_00729.jpg,6.73791e-05,0.00146671,2.72656e-06,6.72181e-09,4.51466e-07,0.0236272,0.974836,2.45881e-09
img_04675.jpg,3.4578e-08,3.78868e-06,3.25934e-09,5.19376e-08,1.73072e-07,0.953821,0.0461752,2.02616e-09
img_05349.jpg,4.39311e-09,3.24165e-07,4.77794e-09,5.28943e-09,0.000299561,0.999302,0.00039811,1.61603e-12
img_01781.jpg,5.37673e-05,0.000101602,0.000359831,2.651e-09,0.000344263,0.52823,0.468066,0.00284531
img_05236.jpg,3.61962e-07,1.67637e-06,2.43668e-08,1.10938e-11,3.16828e-09,0.999948,4.94576e-05,8.73068e-08
img_00773.jpg,5.08787e-06,0.000342038,0.00394729,6.00552e-10,0.00630925,0.316128,0.665275,0.00799342
img_03290.jpg,1.57995e-06,1.17532e-05,1.15727e-07,4.41355e-12,1.25756e-08,0.999339,0.000647646,1.35534e-07
img_05186.jpg,9.95166e-05,1.43088e-05,0.00132922,4.7608e-07,0.000150205,0.998402,3.96225e-06,7.93072e-13
img_04546.jpg,5.1232e-06,0.15368,0.00298319,1.83917e-09,0.247889,0.59093,0.00451328,8.16057e-08
img_05718.jpg,1.17135e-06,0.000169902,3.30057e-07,1.12473e-10,1.62352e-05,0.991274,0.00853826,2.67963e-07
img_04860.jpg,7.69996e-05,0.00207836,0.0712449,6.5087e-07,0.0103907,0.18225,0.730449,0.00350968
img_05896.jpg,1.21629e-06,0.000905321,0.74697,2.20892e-09,0.00134771,0.106085,0.0463303,0.0983604
img_04128.jpg,1.52124e-08,0.0224622,3.8489e-06,5.41069e-09,0.000557394,0.787065,0.189912,1.37904e-11
