image,ALB,BET,DOL,LAG,NoF,OTHER,SHARK,YFT
img_06909.jpg,0.987362,1.56631e-05,0.000437754,3.5989e-07,0.00719371,0.00494534,1.41675e-06,4.36797e-05
img_07103.jpg,0.00185834,3.91573e-05,2.63024e-07,0.000255189,0.283007,0.014951,7.25014e-05,0.699817
img_04118.jpg,0.999964,1.53923e-07,7.16632e-09,5.91121e-12,2.82806e-06,1.78187e-06,5.31514e-11,3.14949e-05
img_03043.jpg,9.9113e-05,4.42962e-07,0.000100637,3.76492e-07,2.01248e-05,0.00128372,2.72179e-05,0.998468
img_06916.jpg,0.997831,1.03346e-07,3.06015e-08,2.08863e-08,6.43716e-05,0.000316829,5.61089e-07,0.00178744
img_01431.jpg,7.20823e-06,1.35249e-05,2.49567e-06,0.99997,2.25276e-06,2.7067e-06,3.59642e-07,1.03771e-06
img_01058.jpg,0.0992915,0.753554,0.00110485,4.52115e-10,0.143423,9.36229e-10,5.68994e-06,0.00262142
img_01249.jpg,0.76613,0.161741,0.00756648,0.0436298,0.00974911,0.0083407,1.58757e-05,0.00282752
img_07505.jpg,0.964214,0.0082288,0.00946614,8.98268e-05,4.46966e-06,2.43485e-06,3.11109e-07,0.017994
img_03223.jpg,3.26835e-05,0.034612,1.32741e-06,7.12585e-06,0.000130157,1.48812e-05,7.06864e-05,0.965131
img_02703.jpg,0.0445371,0.0627218,0.00130288,3.31077e-07,0.00332868,0.00109872,1.78834e-05,0.886993
img_02943.jpg,0.0243186,2.60289e-05,6.55285e-07,0.975519,3.83307e-06,4.08832e-05,1.019e-07,9.0684e-05
img_00828.jpg,2.35815e-14,1.00781e-28,8.12183e-13,3.54595e-29,1.0,7.3692e-14,4.15397e-25,4.19767e-14
img_04130.jpg,0.0172862,0.000128476,3.01275e-05,6.75067e-08,0.980349,0.00190852,1.45676e-06,0.00029626
img_00417.jpg,0.198135,1.18212e-06,3.76923e-06,4.40964e-05,1.2048e-05,2.52998e-06,1.13952e-06,0.801801
img_03670.jpg,0.10673,2.30505e-06,0.000144306,3.18305e-06,0.0534254,3.53106e-06,0.000144179,0.839547
img_00708.jpg,0.927244,0.0238082,0.00205903,1.41372e-09,0.000378845,0.046444,2.98308e-07,6.57128e-05
img_03082.jpg,0.000324436,0.00255313,2.42464e-06,3.24325e-08,0.996889,8.09778e-07,0.00011363,0.000116953
img_05459.jpg,0.951813,0.000392876,0.00039172,0.0444398,6.84563e-05,0.00171516,4.49646e-06,0.00117477
img_07120.jpg,0.00269117,0.00537904,0.000134339,1.68871e-06,0.000520677,0.000419589,3.64587e-07,0.990853
img_06165.jpg,8.7195e-06,3.79407e-07,1.21609e-08,8.62917e-10,0.000140653,5.11164e-10,7.17038e-07,0.99985
img_06506.jpg,4.13024e-08,5.53744e-12,3.1105e-16,5.00118e-11,1.0,2.95884e-22,6.10214e-21,1.35123e-10
img_00223.jpg,1.44008e-06,1.23349e-06,0.999997,1.69887e-10,1.89512e-08,3.98925e-09,7.82267e-10,3.17405e-08
img_03520.jpg,0.897534,0.00651036,0.0815481,0.00878825,0.00479082,3.0801e-05,0.000700068,9.80079e-05
img_05950.jpg,0.999996,4.32389e-06,2.98713e-11,4.92193e-11,6.32383e-08,1.77912e-13,1.72191e-09,4.29276e-10
img_06547.jpg,0.833956,6.18421e-07,8.85707e-07,1.02615e-07,0.00243844,2.10844e-06,2.96768e-07,0.163602
img_04726.jpg,9.36885e-26,1.72246e-34,1.08536e-16,5.77412e-34,1.0,5.54988e-15,9.0633e-33,4.11679e-13
img_05292.jpg,0.0686707,0.0139865,0.00322191,0.00281389,0.0511682,0.0298841,1.43477e-06,0.830253
img_01213.jpg,0.974593,6.46365e-08,1.71375e-08,1.39996e-07,0.000183279,0.000161034,1.80386e-08,0.0250627
img_06186.jpg,0.614285,2.43005e-07,2.60664e-09,2.72011e-08,6.08551e-08,5.34951e-12,5.71464e-11,0.385715
img_00030.jpg,0.0137915,3.44679e-07,2.93194e-05,8.95751e-06,0.00191548,5.01293e-06,0.982542,0.00170728
img_06259.jpg,0.000313558,0.000161896,0.00196135,2.58576e-06,8.71682e-07,0.000311226,2.36844e-05,0.997225
img_07054.jpg,0.000576111,0.597219,9.25204e-06,9.84241e-08,0.330539,0.00596983,5.86619e-06,0.0656804
img_02865.jpg,4.21064e-28,0.0,1.6575e-32,0.0,1.0,0.0,0.0,1.0275e-24
img_02890.jpg,0.000394331,0.996202,4.09768e-05,0.00139326,2.33439e-05,0.00168802,3.78907e-06,0.000253941
img_05210.jpg,0.993906,0.00426041,0.000430029,3.73989e-06,0.000524484,0.00011894,9.14522e-06,0.000747513
img_05322.jpg,0.98822,0.000218436,0.00140697,1.39085e-06,0.00027151,4.31672e-06,5.24846e-06,0.00987172
img_07023.jpg,0.980995,0.000958957,4.95159e-05,3.92934e-07,1.05942e-05,1.64034e-05,2.00261e-05,0.0179494
img_02838.jpg,0.698713,0.00045905,0.274963,0.00264332,0.000183779,2.83028e-05,0.00199374,0.0210153
img_04233.jpg,2.23785e-05,3.57806e-08,8.73046e-17,7.26811e-16,9.47882e-15,0.999976,8.16339e-12,1.92989e-06
img_01689.jpg,0.000100266,6.71377e-07,3.38141e-05,1.52636e-07,5.733e-06,0.0030502,1.01899e-05,0.996799
img_01632.jpg,2.06283e-09,4.51625e-09,1.97406e-13,2.22605e-08,1.96e-06,0.999978,1.44616e-08,2.00201e-05
img_07594.jpg,0.00164424,1.74767e-05,7.70952e-05,1.73821e-08,9.76525e-06,0.787759,0.00240447,0.208088
img_07143.jpg,0.00316212,0.00288336,0.01918,5.93476e-06,0.974744,2.15766e-05,2.17464e-06,5.74526e-07
img_03422.jpg,0.0303311,0.00151925,7.14746e-06,0.63683,0.000429007,0.298907,9.37134e-05,0.0318826
img_00599.jpg,9.32341e-05,1.07816e-07,3.29661e-06,4.74118e-06,8.7246e-05,0.00182343,0.0728085,0.925179
img_02188.jpg,0.000320045,0.000127539,1.24023e-05,2.83329e-07,3.64464e-06,0.0195977,0.000863578,0.979075
img_01552.jpg,0.999231,0.000702614,1.68e-14,6.47398e-05,8.66845e-09,3.79428e-11,1.63187e-06,9.35872e-10
img_03628.jpg,0.982418,0.0010499,2.61133e-05,1.97624e-07,5.08564e-06,6.35261e-05,3.50078e-05,0.0164025
img_05026.jpg,0.0448665,0.234147,0.000884131,0.00264137,0.0303511,0.0266446,0.000528266,0.659936
img_01490.jpg,1.67653e-06,3.39652e-07,4.5877e-06,6.1061e-10,1.35286e-08,1.03951e-10,5.13144e-10,0.999993
img_01211.jpg,0.205122,2.11776e-05,9.7986e-06,0.00160653,0.0227418,0.640859,2.32995e-06,0.129637
img_04422.jpg,9.83992e-07,0.757204,4.86391e-08,1.65721e-10,0.0693032,9.32395e-09,9.1663e-07,0.17349
img_06845.jpg,0.0367889,0.0148259,3.28091e-06,0.720646,0.154715,0.0448273,5.04698e-06,0.028188
img_03805.jpg,0.92742,0.023011,0.000684987,0.0132658,0.000347556,0.0347102,1.87806e-05,0.000541319
img_00914.jpg,0.68767,0.0002062,0.0288782,8.56206e-09,0.000709183,5.60519e-06,6.6476e-08,0.28253
img_04879.jpg,1.76648e-09,4.82312e-09,8.78564e-10,0.000209979,2.88766e-06,4.52391e-10,1.43079e-12,0.999787
img_00432.jpg,0.94343,0.000540785,0.0491876,1.14923e-09,0.000572097,0.00077353,5.97277e-08,0.00549611
img_00007.jpg,0.423686,0.446588,0.0369486,0.000416228,0.000699537,0.0860847,1.39993e-05,0.00556329
img_00133.jpg,1.82994e-08,1.14039e-07,9.8654e-12,1.86068e-10,1.0,1.15415e-07,3.02764e-10,1.45484e-11
img_02808.jpg,0.014397,0.000176237,4.4669e-06,0.974108,0.00153454,0.00563321,1.04896e-05,0.00413633
img_05864.jpg,6.95017e-08,0.999977,1.04673e-05,1.48036e-07,3.09557e-06,2.26045e-07,7.02636e-06,2.35726e-06
img_07191.jpg,0.6938,6.76616e-06,0.000744157,1.32522e-07,0.18953,0.0685402,0.000104228,0.047274
img_00865.jpg,0.356792,0.02199,0.239258,1.96538e-08,0.381671,0.000256434,3.03426e-07,3.18156e-05
img_03228.jpg,0.999992,1.16673e-10,3.38753e-10,8.66427e-10,7.37648e-06,9.03754e-07,3.63284e-11,2.35803e-09
img_00125.jpg,0.707257,0.0290207,0.00473309,0.197387,0.0134515,0.0459807,6.28058e-06,0.00216381
img_02522.jpg,0.693543,7.29719e-05,1.24923e-07,0.000117732,0.281333,0.00279473,3.69373e-06,0.0221345
img_06332.jpg,0.184942,0.000462562,0.00150408,4.10898e-06,0.00343352,0.000588925,0.806431,0.00263393
img_03135.jpg,2.49504e-06,2.01688e-06,0.00187795,2.14533e-06,0.012681,0.00118925,3.91043e-05,0.984206
img_01847.jpg,0.000144469,0.00483154,1.96814e-06,2.61885e-08,2.39169e-05,3.23781e-07,0.994398,0.000599444
img_06851.jpg,0.0139037,1.01724e-07,0.00022025,8.95672e-08,0.000185749,2.0874e-05,0.974803,0.0108662
img_06144.jpg,0.0199336,3.36623e-06,3.10054e-06,0.000245496,8.75969e-07,1.28073e-05,3.64885e-07,0.9798
img_02379.jpg,0.137861,0.000712328,0.00137359,0.00014148,0.000435402,0.000126885,5.86728e-05,0.859291
img_05038.jpg,1.18581e-05,9.49683e-08,5.48087e-08,1.591e-09,0.00104483,4.01307e-05,2.20655e-07,0.998903
img_02487.jpg,0.872652,0.00858643,5.59501e-05,0.0546631,0.0486298,0.00975762,0.000149512,0.00550604
img_04559.jpg,0.00472018,4.26133e-06,0.971554,8.72481e-06,6.21446e-06,0.00678465,8.11546e-05,0.0168404
img_06103.jpg,0.983377,0.00512082,2.68187e-05,1.68217e-05,0.00237785,0.0006526,1.08291e-06,0.00842741
img_04752.jpg,1.15935e-06,7.89436e-09,8.80719e-11,0.999999,4.19144e-09,1.4741e-07,1.23366e-11,1.64837e-09
img_03452.jpg,1.28025e-09,0.999541,1.21392e-05,2.63957e-08,1.11512e-05,3.79334e-08,0.00016954,0.000266197
img_01571.jpg,0.99334,0.000375426,1.76663e-06,0.000545421,0.00554709,1.66182e-06,2.19397e-06,0.000186931
img_03924.jpg,3.13087e-09,5.20748e-18,1.24314e-11,3.29596e-20,1.0,1.10387e-14,5.13826e-24,8.66987e-14
img_01688.jpg,0.00133707,0.000140845,6.6469e-05,1.11024e-07,0.000386568,0.653827,0.0148856,0.329357
img_01824.jpg,0.0261552,1.06812e-07,7.01138e-08,2.70579e-08,0.000298229,0.00391203,1.65826e-07,0.969634
img_00598.jpg,0.99366,0.000290882,0.000283173,1.94469e-06,0.00264102,0.0030354,4.33655e-06,8.29773e-05
img_07146.jpg,0.518037,0.00487719,0.0139385,5.18378e-06,0.00123015,8.34618e-05,0.0192398,0.442588
img_04719.jpg,4.6205e-05,8.76424e-05,5.21346e-06,0.000682247,0.953391,0.00526563,0.000299007,0.0402229
img_03871.jpg,0.0258062,1.44881e-06,8.1542e-06,0.00294165,0.0131312,0.000231439,2.19862e-05,0.957858
img_00442.jpg,0.00231715,0.0019601,0.000525647,3.92538e-06,1.46159e-05,0.211819,0.000266165,0.783093
img_00760.jpg,9.91894e-07,1.65888e-06,6.34279e-08,0.999993,1.74425e-06,2.48254e-07,1.64005e-06,8.94602e-07
img_02096.jpg,0.998652,0.000101398,0.00016212,6.76791e-06,0.000318532,6.78209e-05,0.000126093,0.000565527
img_04532.jpg,0.00257057,7.80349e-06,2.56422e-06,2.81163e-07,1.3077e-07,0.995291,0.00199538,0.00013196
img_03310.jpg,0.565871,0.00049686,9.93614e-06,0.10736,1.68546e-06,0.326014,9.20416e-07,0.000245932
img_03581.jpg,0.00235208,4.55118e-07,5.28592e-08,0.99751,5.96779e-06,2.42139e-07,1.57055e-08,0.000131523
img_03064.jpg,0.000503587,5.46149e-06,3.6292e-06,6.56714e-05,0.856108,0.129939,0.000897526,0.0124775
img_04795.jpg,0.808851,0.000288834,0.000687352,4.74032e-06,0.000262101,0.0134703,0.163861,0.0125741
img_06371.jpg,0.00475581,0.403107,0.000644565,9.856e-06,0.000317974,8.14552e-05,0.576771,0.0143123
img_06469.jpg,0.99751,3.73563e-06,0.000153037,8.9905e-08,0.00149622,0.000824628,4.03447e-07,1.15123e-05
img_04405.jpg,0.00871967,7.4669e-08,1.94567e-06,8.63039e-08,1.43872e-05,0.000263727,0.962371,0.028629
img_02235.jpg,0.00120789,1.07239e-07,3.32329e-08,7.15098e-07,1.00758e-07,0.00268802,5.4019e-12,0.996103
img_02904.jpg,0.252212,0.00655836,0.00848252,0.631678,0.0789804,0.0181834,0.00020668,0.00369833
img_01328.jpg,0.913516,8.13686e-05,2.28131e-07,6.84572e-08,1.05644e-05,2.77967e-06,5.39833e-08,0.0863891
img_06962.jpg,0.144399,1.57022e-05,0.00105363,9.90336e-07,0.000569094,0.000816493,0.815048,0.0380975
img_07583.jpg,2.25163e-08,0.902409,9.3531e-06,1.49042e-06,2.57049e-05,4.001e-06,2.04945e-06,0.0975485
img_04076.jpg,0.818615,0.0109565,3.79856e-05,0.0182276,0.000966139,0.12107,8.12086e-05,0.0300463
img_02789.jpg,0.044788,0.00413656,0.00235231,0.000134687,0.13118,0.000543169,0.807762,0.00910406
img_05572.jpg,0.0810636,3.44204e-06,4.25564e-05,2.11693e-06,4.93673e-05,0.0644552,0.499392,0.354991
img_06642.jpg,0.0146698,0.000861374,1.185e-05,4.47074e-06,6.85338e-05,0.00358051,1.03447e-06,0.980802
img_00999.jpg,0.00125875,0.000257935,7.77543e-09,3.30901e-06,3.13991e-06,1.52385e-07,0.998408,6.91459e-05
img_01685.jpg,0.58458,0.000121528,0.211281,1.37629e-07,0.00436656,0.156576,0.000395104,0.0426794
img_06268.jpg,4.45767e-08,6.63648e-13,0.0132029,4.56251e-15,0.13732,5.8363e-15,7.64047e-18,0.849478
img_02646.jpg,0.0099117,5.89439e-07,2.10188e-05,0.00014218,0.00450347,0.00202283,3.09828e-05,0.983367
img_01519.jpg,0.998412,5.51073e-09,2.12485e-05,2.55438e-11,2.89857e-07,0.00120159,3.37131e-07,0.000364484
img_01649.jpg,0.875792,0.00100299,0.000520888,0.000235568,0.115875,0.00538445,4.29166e-06,0.00118471
img_04250.jpg,1.21419e-10,6.74096e-12,7.64128e-12,8.04149e-13,1.0,1.30208e-11,1.51908e-13,2.26633e-12
img_02648.jpg,0.482087,0.00105204,0.386379,1.16146e-06,3.56906e-06,0.130087,4.60391e-05,0.000344666
img_07757.jpg,0.00170401,0.90194,1.25463e-06,3.03688e-09,0.000179285,0.000132449,1.61019e-08,0.0960425
img_03475.jpg,3.5866e-10,1.08784e-13,6.86387e-11,2.26282e-11,0.998898,1.94212e-15,1.52565e-17,0.00110225
img_06424.jpg,0.999275,8.23168e-06,8.99637e-07,2.09687e-06,3.29596e-06,6.63071e-06,5.59838e-05,0.000648114
img_06010.jpg,7.31488e-06,2.983e-08,4.17831e-08,2.64405e-09,1.0876e-05,5.81389e-07,0.999978,2.7119e-06
img_02625.jpg,0.000167215,4.51965e-08,3.4119e-09,3.67224e-06,3.90943e-05,0.437229,0.0163615,0.546199
img_04671.jpg,0.86587,4.60342e-05,3.81762e-06,4.62953e-05,9.99077e-05,0.081819,7.24774e-05,0.0520423
img_05021.jpg,0.000167957,4.23519e-06,5.3737e-06,3.60583e-06,0.999778,1.08445e-05,7.62419e-07,2.94838e-05
img_04511.jpg,0.0888423,2.39115e-10,5.45525e-09,4.15853e-07,2.14696e-05,0.911133,2.51928e-08,2.36347e-06
img_03222.jpg,0.031354,0.939978,0.000114875,5.61138e-10,1.28122e-06,0.0285259,1.24223e-06,2.4417e-05
img_04603.jpg,0.693642,1.0454e-05,2.10583e-06,0.000324081,0.199157,0.00136527,0.00124765,0.104252
img_04888.jpg,0.997991,7.93903e-07,2.9522e-05,9.80781e-09,7.54163e-08,5.58741e-06,8.95239e-09,0.00197285
img_07375.jpg,0.116563,0.00224454,0.00435494,0.000840261,0.0401098,0.289879,0.000539981,0.545469
img_06038.jpg,0.000132938,0.00115554,0.12832,4.48047e-06,0.000120494,0.000635779,0.000315096,0.869315
img_00664.jpg,1.0,9.99481e-09,1.77637e-12,1.57854e-15,1.22802e-11,5.4327e-16,2.49474e-15,2.10883e-11
img_01684.jpg,0.298518,0.000706481,1.31833e-05,0.669742,2.8237e-05,0.027232,1.58782e-06,0.00375843
img_06732.jpg,0.999886,1.42554e-06,3.03728e-05,7.79887e-08,7.63607e-07,3.68694e-06,4.10719e-08,7.73013e-05
img_06426.jpg,0.995623,3.61575e-06,0.000112213,6.85418e-08,1.79746e-08,3.93573e-06,4.37852e-05,0.00421299
img_05721.jpg,0.0123033,1.67301e-05,0.00176737,8.9432e-06,2.73318e-05,0.00199333,1.64201e-06,0.983881
img_04991.jpg,1.69555e-09,1.58433e-10,2.05087e-11,9.38506e-07,1.87056e-07,2.91409e-11,3.58264e-14,0.999999
img_05587.jpg,0.432795,0.518371,1.63243e-06,0.0151012,0.000936274,0.0327714,5.92989e-06,1.81219e-05
img_07173.jpg,0.0150404,1.74649e-07,8.06514e-07,3.13382e-06,8.10453e-07,2.02045e-06,4.42357e-08,0.984953
img_04959.jpg,0.972883,2.48463e-06,0.0271046,7.48147e-09,3.06647e-06,2.7899e-06,3.42209e-07,4.25204e-06
img_05520.jpg,1.4807e-06,1.83544e-07,1.04293e-08,3.42368e-07,0.02882,0.254201,0.00212307,0.714854
img_02367.jpg,0.939083,0.000234225,0.00155661,0.00012522,0.0552386,0.00355329,5.59548e-06,0.000203109
img_06685.jpg,3.39457e-11,6.91432e-21,1.83047e-11,5.27443e-24,1.0,2.68543e-10,9.76706e-21,2.26774e-12
img_02636.jpg,0.00152333,0.298347,0.66606,3.43621e-13,0.0011199,4.04143e-09,5.1144e-08,0.0329498
img_04271.jpg,0.0342552,2.09915e-09,6.73048e-09,3.53441e-07,0.784496,0.180997,1.85676e-08,0.000251313
img_06508.jpg,0.00126673,2.40905e-07,7.1107e-06,1.68338e-07,0.998716,5.5365e-06,2.02649e-08,3.93999e-06
img_04503.jpg,0.00111107,0.00974172,0.000334892,0.000218859,0.98064,1.91091e-05,0.000108239,0.00782564
img_03941.jpg,0.167602,1.43428e-05,3.08441e-06,0.757985,1.00512e-05,6.56574e-05,2.79177e-07,0.0743196
img_07833.jpg,0.711011,2.3353e-05,0.000304022,0.051744,5.26913e-06,0.222999,6.11496e-06,0.0139069
img_02799.jpg,2.42128e-05,7.1252e-07,3.01723e-09,8.61726e-05,0.984928,0.00104819,8.85827e-06,0.013904
img_05433.jpg,0.0878901,0.000957901,0.0010016,0.000638952,0.0668526,0.505113,0.00026958,0.337277
img_05440.jpg,0.00319415,1.1252e-07,0.996799,3.61993e-08,4.91751e-06,8.01129e-07,6.53692e-08,6.07791e-07
img_07508.jpg,0.0576654,0.000678011,0.000126136,5.63346e-07,0.000821662,5.71287e-05,0.939449,0.00120219
img_03195.jpg,8.03625e-05,0.00790915,5.92006e-05,1.74467e-05,0.000109088,0.00210532,5.42692e-08,0.989719
img_07005.jpg,0.997924,0.00072736,2.26746e-07,0.000982626,9.02466e-06,4.3326e-07,1.59919e-08,0.000356236
img_05489.jpg,0.896892,0.039245,9.91681e-08,1.76774e-05,0.000364466,0.0634807,2.58052e-07,7.02633e-08
img_03426.jpg,0.990966,2.10606e-06,6.08743e-06,1.41246e-06,3.45388e-05,0.000437938,2.94136e-06,0.00854899
img_03760.jpg,1.49275e-05,2.10498e-07,7.94302e-12,3.52791e-07,4.40569e-10,0.988824,5.49349e-08,0.0111604
img_04856.jpg,0.999864,1.31751e-10,0.000134646,9.5596e-11,1.81999e-09,1.13207e-07,9.57998e-09,7.32601e-07
img_02209.jpg,9.90442e-06,2.22469e-07,5.16084e-07,7.94737e-07,0.257091,0.728169,0.000506366,0.0142223
img_00071.jpg,0.0208607,1.07687e-07,5.56357e-06,0.786269,0.191839,6.37413e-05,6.56497e-07,0.000961704
img_00726.jpg,0.999076,2.18466e-05,0.000413303,5.45263e-06,0.000251598,1.62829e-05,2.37143e-06,0.00021345
img_01888.jpg,0.000727764,1.06122e-05,3.3167e-06,2.69682e-06,1.37373e-06,0.996702,0.00228338,0.000269137
img_03547.jpg,0.00965321,8.76042e-07,1.74685e-05,1.72798e-08,3.96361e-07,0.990326,1.15146e-08,2.30435e-06
img_05426.jpg,0.933303,1.67626e-10,5.11108e-06,9.29228e-05,0.0663828,0.000188315,6.91086e-07,2.70627e-05
img_07717.jpg,0.968394,8.48452e-06,5.63258e-08,2.22354e-09,2.13814e-07,0.0312799,4.16888e-10,0.000317816
img_03490.jpg,0.0448318,0.00159449,8.55812e-07,9.15667e-05,0.637594,0.00205706,1.32318e-05,0.313817
img_00005.jpg,3.93813e-12,6.6422e-17,4.84152e-13,3.29005e-16,1.0,2.12437e-14,9.50354e-13,2.43116e-09
img_01657.jpg,1.66706e-08,0.00571257,0.99425,1.03123e-10,4.6477e-09,1.77747e-07,2.96412e-10,3.75014e-05
img_00974.jpg,0.710928,0.0104076,0.000668806,0.255791,6.82705e-05,0.0204561,0.000120451,0.00156045
img_05264.jpg,9.82125e-07,0.964819,0.00274843,1.29928e-08,1.4507e-06,1.99614e-05,3.2988e-09,0.0324101
img_06324.jpg,0.820678,0.064736,0.0299777,0.000166298,0.00389424,0.0676509,0.000540577,0.0123565
img_00808.jpg,0.999555,8.95745e-06,8.38044e-05,4.75911e-08,0.00019613,0.000150029,4.61393e-08,5.83618e-06
img_01090.jpg,0.0981328,0.901867,9.40232e-09,6.81851e-16,5.08486e-07,2.74426e-11,6.35624e-12,1.28295e-07
img_02739.jpg,9.26411e-06,6.60184e-09,3.82881e-07,4.35563e-05,9.05476e-05,7.07737e-07,1.81023e-07,0.999855
img_02146.jpg,0.991346,0.00851335,1.49884e-05,7.89812e-07,9.54888e-06,5.23095e-05,1.48172e-07,6.23774e-05
img_04285.jpg,0.278262,0.00520844,6.90119e-05,0.00186701,0.00767162,0.212795,6.47773e-05,0.494063
img_00646.jpg,5.316e-06,4.78447e-06,0.00114885,2.7608e-07,1.76241e-05,0.000795101,5.62888e-06,0.998023
img_00289.jpg,0.00024675,2.42601e-07,2.59585e-08,4.27545e-10,0.999668,6.38052e-05,2.89464e-08,2.07032e-05
img_03181.jpg,0.998397,8.99054e-08,5.64376e-08,1.87937e-11,0.00123838,0.000355688,2.96666e-11,8.36337e-06
img_00164.jpg,0.000355226,0.000319668,0.0460942,3.70148e-09,0.951367,2.93453e-06,1.87205e-08,0.00186116
img_06986.jpg,0.975122,0.00639255,3.60287e-07,0.00526647,7.05683e-06,0.00733139,3.32404e-08,0.00588055
img_03602.jpg,0.00185846,9.72581e-06,2.73219e-08,0.00518526,0.0115685,0.0163125,0.000196365,0.964869
img_02702.jpg,0.694011,8.42711e-07,4.96165e-06,2.01634e-07,0.292703,0.00899272,2.05079e-06,0.00428586
img_01955.jpg,0.493392,0.0363472,0.0612606,0.000560892,0.00193513,6.56702e-06,2.68207e-05,0.406471
img_05222.jpg,0.00915453,0.00743136,2.30183e-05,4.77301e-08,0.982224,0.00112879,2.38912e-06,3.55341e-05
img_03410.jpg,2.2302e-05,4.80698e-16,5.41605e-20,2.80574e-17,3.30761e-07,1.17287e-21,9.11952e-27,0.999977
img_04921.jpg,0.00103193,9.31214e-11,1.23098e-10,6.49417e-06,1.04945e-07,0.998208,1.17646e-05,0.000741417
img_06321.jpg,0.000240419,0.000489437,0.000382729,4.98526e-06,0.00265417,0.139157,0.00345488,0.853617
img_06440.jpg,0.000392279,1.8423e-08,2.44914e-08,1.94851e-05,0.0307129,0.273021,0.000439861,0.695415
img_02949.jpg,0.0146043,4.02138e-05,0.981537,3.5863e-05,0.00375708,1.71755e-06,1.61876e-05,7.27055e-06
img_03945.jpg,0.0434836,2.35189e-06,3.05554e-05,0.00241626,0.367005,0.00347671,0.0192354,0.56435
img_04015.jpg,0.99967,0.000312715,1.02922e-06,1.27504e-05,8.6749e-08,1.62107e-07,1.81303e-09,3.26146e-06
img_02766.jpg,1.0,1.45669e-08,1.69632e-13,1.16362e-09,5.07617e-10,2.2857e-10,2.61342e-08,7.23982e-10
img_01142.jpg,0.999991,2.24383e-08,1.27155e-09,8.59531e-09,2.84036e-10,8.51384e-06,5.95763e-11,2.00705e-07
img_04410.jpg,0.999996,8.64214e-08,2.38237e-07,1.56676e-06,4.28831e-09,3.53839e-07,4.13663e-10,1.49725e-06
img_01379.jpg,0.473964,0.000891299,8.7657e-05,0.516469,8.20101e-06,0.0044904,5.98334e-06,0.00408313
img_01366.jpg,0.000202847,0.992159,3.96554e-05,0.00290436,6.03201e-05,0.00435625,5.66913e-06,0.000272083
img_05828.jpg,0.999997,3.8217e-08,9.113e-09,4.82612e-08,5.06575e-08,7.41865e-07,5.54611e-07,1.10293e-06
img_02082.jpg,0.0431562,0.000448283,0.000132183,1.22894e-05,0.00367979,0.000232166,0.951918,0.000420816
img_05492.jpg,0.000157854,0.00101119,0.0344376,1.72793e-08,0.000330311,1.79172e-10,1.99757e-09,0.964063
img_00493.jpg,0.94597,0.00255721,0.0184029,6.84599e-06,0.00244099,0.00369169,5.80117e-05,0.026872
img_04129.jpg,0.99757,9.10415e-05,0.000216408,6.54802e-06,7.10151e-07,0.00197721,1.79587e-07,0.000137967
img_03210.jpg,1.479e-10,0.994428,4.1394e-05,1.15991e-11,4.20258e-10,4.65894e-11,2.48587e-12,0.00553061
img_04640.jpg,0.0750512,3.96317e-05,0.000188531,5.825e-05,0.000855248,0.806716,0.000846227,0.116245
img_04712.jpg,5.01994e-09,1.04207e-18,6.39709e-08,4.4309e-12,8.46699e-06,1.63913e-13,6.24704e-19,0.999991
img_02372.jpg,1.9076e-10,5.295e-11,2.06473e-14,2.06143e-12,1.0,1.94976e-15,1.53375e-17,5.5065e-13
img_02749.jpg,0.00787633,4.25938e-06,2.38478e-07,0.991789,6.55786e-05,2.58485e-06,5.87065e-08,0.000261578
img_01022.jpg,6.26914e-08,3.69418e-09,1.09946e-11,0.999999,3.4187e-07,2.76844e-07,3.32164e-11,1.25064e-10
img_00285.jpg,0.000716662,2.04816e-10,4.71442e-10,2.10082e-09,0.000559767,0.00876315,7.88996e-08,0.98996
img_06922.jpg,0.00508949,4.5214e-05,0.0181643,1.11467e-07,0.0117964,0.00114033,0.955802,0.00796238
img_02540.jpg,0.093125,2.22171e-07,0.344093,6.09405e-10,0.0140881,1.84125e-05,1.62763e-07,0.548676
img_01831.jpg,0.00202867,3.0493e-07,2.17471e-08,0.997899,1.2401e-05,8.49222e-07,4.74021e-09,5.91325e-05
img_00575.jpg,0.0011879,0.00125793,0.00356812,1.91514e-08,0.969856,0.0116118,0.00464951,0.00786832
img_04247.jpg,0.0843165,5.1182e-06,3.97356e-05,1.90081e-06,8.49773e-05,7.83451e-06,0.913043,0.00250083
img_02666.jpg,1.57238e-05,1.30046e-10,1.93727e-14,1.79141e-06,0.000182625,0.988756,1.90307e-08,0.0110437
img_06285.jpg,0.00280804,0.080381,2.06448e-05,2.59498e-07,1.52325e-05,0.000147251,3.55454e-06,0.916624
img_00172.jpg,4.4251e-05,1.27809e-06,2.7696e-08,1.55632e-11,0.999954,2.54481e-09,3.14979e-07,4.83056e-08
img_07590.jpg,0.175479,1.03352e-08,2.23039e-08,0.000127038,0.0588298,2.53199e-07,0.0101866,0.755377
img_06975.jpg,6.71648e-07,1.12487e-09,1.61134e-07,4.00808e-10,4.57708e-05,0.000353203,1.31986e-07,0.9996
img_05568.jpg,0.945361,0.00535936,0.00041243,6.32025e-05,1.04975e-05,0.0129542,0.000145343,0.0356944
img_05595.jpg,0.716684,0.000664877,3.24072e-06,0.000184395,0.000680645,0.216376,0.00951679,0.0558901
img_05087.jpg,0.999852,4.68629e-05,3.09576e-07,1.2305e-07,1.0022e-08,1.31537e-05,8.39733e-07,8.68843e-05
img_00590.jpg,7.3268e-06,0.609834,0.00170196,2.34454e-06,0.0525576,0.000980759,6.09797e-05,0.334855
img_04507.jpg,1.03528e-05,0.0133085,0.957681,1.24058e-10,8.06848e-06,2.16889e-09,4.86563e-08,0.0289916
img_00180.jpg,0.000340116,0.00479366,0.000210644,3.02084e-07,0.000188785,0.000144816,2.36745e-07,0.994321
img_02889.jpg,0.918092,0.000144716,0.00288114,0.0756075,5.7569e-05,0.0010628,0.000204347,0.00195001
img_04263.jpg,0.99997,1.31504e-05,7.96292e-08,1.46668e-08,3.54593e-08,1.83204e-06,8.23087e-07,1.36181e-05
img_05276.jpg,9.74452e-14,3.52882e-30,1.0396e-11,2.3153e-33,1.0,1.16798e-18,1.90672e-28,2.3442e-15
img_07818.jpg,0.000137353,2.33438e-06,3.93415e-08,6.76648e-05,0.054832,0.00194851,0.000602352,0.94241
img_04476.jpg,0.200721,0.000284705,0.000399404,0.000854911,0.0118745,0.363397,0.0301675,0.392301
img_00282.jpg,0.00040688,0.991816,2.12534e-05,0.000492673,4.47941e-05,0.00701049,1.82591e-06,0.000206246
img_02687.jpg,3.79329e-06,1.27679e-07,2.92284e-07,6.30045e-08,1.14135e-05,0.00283661,4.41225e-09,0.997148
img_02920.jpg,0.000630785,8.3773e-05,9.47399e-07,2.55242e-10,3.30941e-05,0.999212,4.94769e-08,3.92649e-05
img_02172.jpg,0.345637,2.02545e-06,0.653902,4.79058e-06,2.44681e-06,2.69374e-06,0.000245411,0.00020313
img_07348.jpg,0.00671507,0.007671,0.479313,2.96497e-05,0.343225,0.16015,4.0834e-06,0.0028915
img_01803.jpg,4.90436e-09,0.996034,1.46414e-05,4.77637e-12,3.20251e-06,5.04442e-10,4.59081e-10,0.00394841
img_01222.jpg,0.899785,5.37434e-06,8.5701e-08,4.73973e-08,1.0279e-08,4.93546e-05,3.32296e-10,0.100161
img_06302.jpg,0.014831,1.54915e-05,1.18058e-06,0.982486,0.0026289,1.88445e-05,1.11356e-06,1.74465e-05
img_07893.jpg,0.0298731,0.0265601,7.91207e-05,1.02373e-05,0.000118363,0.920702,0.000365367,0.0222918
img_05015.jpg,0.991924,2.08124e-11,3.49933e-07,1.49694e-05,0.00740762,0.000644908,1.87573e-07,8.00407e-06
img_07224.jpg,1.74911e-11,3.84103e-17,4.82606e-11,4.10067e-19,1.0,2.94594e-20,1.2458e-16,8.99179e-15
img_07352.jpg,0.999811,4.65259e-06,2.51881e-06,5.41385e-05,7.44469e-06,7.23709e-05,1.44121e-05,3.34047e-05
img_01640.jpg,0.000162597,7.80666e-11,9.53785e-07,2.02163e-06,8.05946e-06,3.0573e-08,1.82369e-08,0.999826
img_05908.jpg,0.000174263,3.59736e-09,5.78045e-09,3.54615e-11,0.999824,5.6239e-12,1.91317e-06,5.46173e-13
img_04013.jpg,2.38713e-05,3.176e-10,5.7676e-09,4.95491e-07,1.51496e-10,1.68011e-07,8.64234e-12,0.999976
img_01224.jpg,0.00212008,6.2202e-06,0.00542475,3.81583e-08,7.37808e-07,0.000470592,4.71728e-05,0.99193
img_07419.jpg,0.0121973,5.91663e-05,0.044328,1.22349e-05,0.000311468,0.212865,4.92968e-05,0.730177
img_07160.jpg,0.198527,2.53325e-05,0.000179137,2.69238e-07,0.801244,1.59965e-12,3.04343e-11,2.4994e-05
img_03444.jpg,0.0182835,0.000615751,0.0266705,1.04361e-05,0.565444,0.00156673,0.000316964,0.387092
img_05722.jpg,0.00209946,1.03526e-05,0.000129205,1.91747e-06,0.000961116,6.84328e-05,0.995454,0.00127557
img_03943.jpg,0.931958,0.000609764,4.00127e-06,1.84377e-09,3.00396e-07,8.48085e-07,2.85501e-06,0.0674236
img_05640.jpg,0.903343,1.7543e-05,0.0002179,3.22221e-05,0.0798615,0.0159505,5.09359e-06,0.000571932
img_06959.jpg,0.916024,0.000266863,0.00119593,1.36069e-05,0.0792721,0.00277356,1.01304e-05,0.000443801
img_07628.jpg,6.8871e-14,7.96871e-25,2.74346e-15,7.86852e-31,1.0,6.17785e-18,7.96955e-27,3.54434e-17
img_05293.jpg,3.36538e-07,5.86973e-08,1.94964e-13,1.103e-07,9.91037e-17,0.092032,1.36949e-11,0.907967
img_05475.jpg,0.000161328,7.19788e-06,2.82052e-06,8.90983e-06,0.999812,4.64948e-06,4.9852e-09,2.8774e-06
img_00473.jpg,1.14667e-08,1.48114e-13,3.21659e-17,1.0348e-11,3.53768e-11,1.28128e-06,0.000633311,0.999365
img_02974.jpg,0.934813,3.90415e-06,1.08312e-06,0.000596498,3.56297e-05,0.0556029,2.33969e-05,0.00892381
img_02077.jpg,7.93122e-07,4.29471e-08,9.13038e-11,0.999999,9.69176e-09,2.65657e-07,7.47664e-12,4.64117e-09
img_06832.jpg,0.0738501,0.000103392,9.05267e-06,0.925526,0.00043414,8.89705e-06,2.89157e-06,6.59439e-05
img_06690.jpg,0.000404297,0.000390158,2.38195e-05,1.82342e-06,0.000252122,9.20588e-05,1.1086e-06,0.998835
img_01426.jpg,1.04108e-05,0.000364626,7.21076e-06,1.38637e-07,8.86391e-07,1.98503e-05,0.000107382,0.999489
img_07051.jpg,0.0669019,0.0196606,2.45305e-05,1.43295e-06,0.000363267,0.104059,0.0134144,0.795575
img_07318.jpg,2.87301e-05,6.2105e-06,1.23609e-05,3.66912e-07,1.9225e-06,0.00440658,1.32694e-07,0.995544
img_00027.jpg,0.0131887,0.0502182,0.000179911,0.000237778,0.00739945,0.420143,2.60646e-07,0.508632
img_06616.jpg,0.00393524,0.000218392,0.000124539,0.000219441,0.000448707,0.00781398,0.000338056,0.986902
img_07319.jpg,0.00100743,4.72482e-05,5.51213e-05,1.32099e-05,0.000861689,0.00813263,0.125843,0.86404
img_02416.jpg,0.0237594,0.000167979,3.68208e-08,1.06332e-06,0.958924,0.000204694,6.53031e-08,0.0169427
img_02734.jpg,0.982903,0.000751308,0.00379674,0.00139676,8.82867e-05,1.03671e-05,3.14188e-07,0.0110534
img_03563.jpg,0.559119,0.000140115,7.9861e-05,0.000237066,0.000918105,2.11719e-06,0.000103814,0.439399
img_02422.jpg,0.0842889,4.68888e-05,4.26195e-05,3.12472e-08,1.20642e-05,0.00517816,0.00631557,0.904116
img_07156.jpg,0.993445,1.70032e-05,0.00543456,1.0774e-05,0.0001597,0.000298988,8.17353e-06,0.000625937
img_05439.jpg,0.466798,0.00265665,0.000521493,0.445893,0.000313919,0.0456337,5.11764e-05,0.0381311
img_06571.jpg,0.462458,3.95406e-07,3.64602e-06,1.06843e-08,0.0557674,0.481768,3.44694e-07,3.14301e-06
img_01825.jpg,1.10992e-08,1.0,1.56542e-10,4.5256e-15,5.20662e-07,7.39317e-16,2.19805e-13,1.16761e-09
img_05754.jpg,0.184239,4.11337e-10,6.9688e-08,2.90043e-07,0.0120329,0.0141213,0.672243,0.117363
img_02347.jpg,0.00134351,0.984892,1.44916e-06,7.26175e-10,0.0136045,0.000102444,5.5804e-09,5.56359e-05
img_06311.jpg,0.999898,1.46991e-06,1.63582e-08,5.57305e-12,1.4711e-06,9.9109e-05,2.90095e-12,8.30966e-08
img_01593.jpg,0.0109274,5.4397e-05,8.09026e-05,2.60535e-08,1.727e-05,0.00577857,0.98305,9.13293e-05
img_02291.jpg,1.0,2.80429e-08,1.23893e-11,1.14035e-13,6.15695e-10,5.64924e-15,7.96815e-11,5.91162e-11
img_03229.jpg,0.0811543,0.000773985,0.00461861,1.66164e-06,0.00105881,6.01636e-05,0.701715,0.210618
img_00311.jpg,0.000250844,5.8872e-09,1.3414e-05,2.2833e-06,2.86628e-05,5.23365e-08,2.44744e-08,0.999705
img_05251.jpg,0.00984772,0.00261103,0.000172773,2.22311e-07,3.11545e-09,0.0201809,4.65897e-07,0.967187
img_02119.jpg,3.15651e-08,3.86298e-07,1.0,3.3024e-12,1.92837e-08,3.24246e-09,3.25283e-10,1.73215e-08
img_01856.jpg,0.0277647,0.0072729,0.000952648,7.77425e-06,2.04834e-05,8.32646e-06,0.000686651,0.963287
img_02769.jpg,3.42694e-05,0.000107199,0.00170365,1.78467e-06,5.26481e-05,0.00144798,7.47839e-06,0.996645
img_05539.jpg,0.000298413,0.986683,2.57071e-05,0.00372772,2.84558e-05,0.00890961,2.30338e-06,0.000324989
img_05548.jpg,0.00154172,1.96698e-05,1.48654e-06,5.71538e-09,2.54767e-07,0.998437,2.32267e-08,1.4267e-07
img_03674.jpg,0.0109956,0.00948524,0.0101678,0.00115058,0.959696,0.00835085,0.000105724,4.77988e-05
img_04740.jpg,0.75009,3.14504e-06,0.0674181,1.72626e-08,0.129707,0.00465241,9.48274e-06,0.0481197
img_06373.jpg,0.0023784,0.00264728,0.641791,2.99184e-06,9.83022e-06,0.00274536,0.000127585,0.350297
img_02124.jpg,0.000309851,4.97073e-07,2.24571e-07,0.000105305,0.285368,0.00953682,0.0262904,0.678389
img_05084.jpg,7.00112e-06,3.34241e-08,6.77228e-07,1.64877e-08,3.86713e-06,0.126171,6.62643e-05,0.873751
img_06521.jpg,0.000737557,0.00431252,0.000192732,1.30726e-05,0.000576285,0.00232794,0.125224,0.866616
img_04237.jpg,4.56791e-13,1.0,8.41413e-13,1.95128e-15,1.4157e-11,2.16814e-15,6.77136e-11,2.5345e-12
img_00894.jpg,0.999799,1.81124e-06,2.49843e-09,3.92499e-06,2.77733e-06,1.08807e-06,4.74788e-09,0.000191785
img_00292.jpg,0.000235317,0.0274571,0.034308,1.35332e-07,0.296572,0.0344305,0.00790101,0.599096
img_07448.jpg,0.0468098,0.0278533,0.000805061,0.915523,0.00133794,0.00164756,0.000252742,0.00577078
img_03527.jpg,2.79893e-06,3.10043e-05,0.490628,2.4071e-08,5.05216e-08,1.02461e-06,5.39809e-08,0.509337
img_03801.jpg,0.973347,0.00444522,0.00804684,2.28881e-05,0.000125974,0.00123654,1.23207e-05,0.0127632
img_06673.jpg,0.0741637,0.00131946,0.00368493,1.93204e-09,4.58804e-05,5.07567e-05,9.23781e-06,0.920726
img_07428.jpg,0.999402,7.77341e-08,4.60601e-11,6.98877e-09,7.678e-08,4.73306e-07,6.62793e-10,0.000597466
img_04750.jpg,9.53049e-05,1.02767e-05,4.81854e-11,4.98549e-14,0.999894,7.94569e-11,1.83253e-13,3.11236e-11
img_05948.jpg,0.890106,7.1958e-09,3.45531e-09,8.68435e-10,1.4457e-05,0.00618821,5.26426e-08,0.103691
img_00152.jpg,0.000619262,3.59604e-05,7.69707e-06,1.84495e-05,0.000312024,1.07063e-05,0.000115243,0.998881
img_00654.jpg,0.0870082,1.33482e-05,0.911835,0.000225449,1.93441e-06,1.37917e-05,0.000164828,0.000737422
img_03074.jpg,0.834582,0.0730241,2.54086e-05,0.0921066,0.000235405,2.65929e-05,1.27571e-08,2.90231e-07
img_05156.jpg,0.00440971,0.661312,7.78729e-05,0.00209342,1.97265e-05,0.331576,7.08768e-06,0.000504251
img_05682.jpg,0.275068,2.0114e-05,1.39336e-05,1.70921e-05,3.73448e-05,0.365387,0.359415,4.15278e-05
img_00046.jpg,0.814723,0.000993585,0.129293,3.67627e-07,0.00034864,3.82741e-06,4.58859e-06,0.0546324
img_01745.jpg,4.7848e-05,5.14493e-08,0.999934,1.17229e-08,1.34244e-08,9.11478e-11,2.2526e-07,1.76077e-05
img_03488.jpg,0.999836,9.3498e-05,1.47031e-05,3.33746e-05,5.39341e-06,9.54852e-06,4.21647e-08,7.07798e-06
img_05438.jpg,0.124148,7.8314e-06,2.16555e-06,1.84815e-07,0.00236806,0.867755,1.19056e-05,0.00570688
img_03087.jpg,1.8017e-06,2.61431e-08,1.93467e-06,1.73961e-10,0.999996,1.36023e-09,1.18954e-09,4.5787e-08
img_02285.jpg,0.998274,1.49251e-07,4.73182e-07,6.62618e-07,0.00127888,2.03673e-07,0.000313666,0.000132085
img_06237.jpg,0.326834,1.75554e-05,0.672986,1.16595e-05,9.83323e-05,2.07638e-05,2.22322e-05,1.0051e-05
img_00446.jpg,0.999998,7.70876e-11,2.66646e-13,1.28007e-10,6.32313e-13,3.0408e-14,1.94317e-13,1.63357e-06
img_05445.jpg,0.0290524,0.00238477,3.64646e-05,0.960509,7.11633e-05,0.00443723,4.53072e-06,0.0035048
img_04830.jpg,0.99798,2.21506e-06,3.88719e-05,1.28741e-09,3.18001e-08,1.01178e-06,3.36948e-07,0.00197739
img_06807.jpg,0.100336,0.00010644,0.00687659,1.21061e-05,0.0845395,8.18008e-05,0.185214,0.622834
img_06294.jpg,0.992756,0.00153847,2.22862e-06,7.8665e-06,0.000229589,0.00448454,1.91248e-05,0.000962167
img_06798.jpg,0.978939,6.40204e-06,6.27393e-06,7.05866e-06,0.000679263,0.0203611,4.92426e-07,8.29605e-07
img_01188.jpg,7.11975e-05,5.57723e-05,3.91829e-07,0.000245412,8.43042e-09,0.998874,3.16777e-05,0.000721713
img_05857.jpg,0.797595,1.03085e-07,8.6191e-11,4.11401e-08,9.39542e-08,3.69066e-11,1.89753e-11,0.202405
img_04419.jpg,7.43412e-11,1.00627e-10,1.96884e-10,2.74356e-11,1.0,5.40943e-16,4.18122e-15,8.05654e-13
img_05284.jpg,1.1889e-09,0.0688464,3.68099e-09,1.28871e-11,2.40683e-05,8.4374e-09,2.92083e-06,0.931127
img_07278.jpg,0.00240554,3.77993e-07,2.00903e-05,0.000104495,0.00322456,3.40283e-05,2.1538e-06,0.994209
img_00587.jpg,0.00263431,0.324322,0.00463517,0.000815461,0.00587148,0.177882,2.65288e-07,0.483839
img_07543.jpg,0.999628,1.40351e-05,2.04743e-05,8.79304e-05,0.000147143,4.92956e-09,1.44215e-09,0.000102113
img_03238.jpg,0.190747,1.89331e-06,5.81382e-06,1.66458e-07,0.000162146,0.134479,0.674231,0.000372631
img_04257.jpg,0.00229195,4.31128e-08,1.17046e-06,0.034293,0.887711,8.2081e-05,7.57245e-06,0.0756132
img_05735.jpg,0.362758,5.89148e-06,2.42048e-05,1.06174e-06,0.000265797,0.223518,0.217898,0.195529
img_01996.jpg,8.70083e-11,3.12457e-09,2.71551e-12,5.34419e-05,9.53578e-05,0.156711,0.00517079,0.837969
img_05074.jpg,0.998861,7.09256e-05,3.32891e-06,1.18816e-06,0.000729331,5.17034e-05,1.52259e-07,0.000282465
img_04642.jpg,0.00135816,5.24406e-07,1.87294e-08,2.48771e-05,0.997072,0.00077972,4.69511e-07,0.00076449
img_07659.jpg,0.0212238,2.79454e-06,0.000168219,3.99265e-06,0.00190247,0.153294,0.8227,0.000705113
img_04138.jpg,0.0112593,0.000182341,0.000119227,1.25491e-05,0.988388,8.98345e-06,1.06038e-06,2.90014e-05
img_07467.jpg,0.0109133,9.26917e-08,4.32625e-09,0.000200765,0.875212,0.000142668,4.27395e-05,0.113488
img_05794.jpg,0.581534,0.415669,1.68651e-06,6.11384e-06,0.0014927,1.6252e-06,1.25539e-07,0.00129463
img_06637.jpg,9.91433e-11,1.6677e-16,9.52425e-11,9.89129e-18,1.0,1.49019e-16,7.37869e-15,9.61866e-09
img_07746.jpg,0.0723576,1.23491e-06,1.01408e-07,2.80479e-10,0.0680065,0.840439,3.84189e-05,0.0191576
img_07616.jpg,0.00525641,7.48405e-05,0.994131,2.29253e-05,7.66098e-05,4.72391e-05,2.01892e-05,0.000371085
img_00584.jpg,0.667257,0.0285418,0.299389,1.36073e-06,4.06206e-06,8.37046e-05,2.07941e-07,0.00472292
img_01782.jpg,2.23349e-05,2.01108e-12,1.42809e-08,2.2183e-11,0.999784,2.1081e-06,5.57044e-08,0.000191359
img_03809.jpg,9.93801e-09,0.999876,1.43047e-05,4.68887e-08,1.33572e-06,5.29474e-08,4.1491e-09,0.00010794
img_06800.jpg,0.862455,0.132295,7.46986e-06,0.00018417,4.91795e-05,0.00499176,8.27531e-07,1.63549e-05
img_03254.jpg,1.69497e-05,8.08229e-07,1.52951e-08,0.000465222,0.00178856,0.147227,0.00985139,0.84065
img_04073.jpg,5.42066e-08,2.273e-07,2.61734e-15,1.12769e-06,1.35466e-17,0.78745,2.04222e-10,0.212548
img_00730.jpg,0.00036412,0.007809,0.0296055,8.7156e-06,0.0638472,0.0228116,0.227429,0.648125
img_07553.jpg,0.0136106,0.94621,8.0693e-07,8.10516e-06,0.0343115,0.000130055,5.50128e-07,0.00572796
img_00550.jpg,0.573113,1.02682e-05,2.86139e-05,4.91837e-09,0.216436,0.210224,1.88155e-05,0.000169127
img_05692.jpg,0.00391951,0.000153842,0.0424687,4.40927e-05,0.000419622,0.0496906,8.70029e-06,0.903295
img_07192.jpg,1.04909e-33,0.0,0.0,2.54526e-36,1.0,0.0,0.0,1.12519e-24
img_02954.jpg,0.000422014,0.994325,2.78099e-07,1.74641e-09,7.86516e-07,1.65604e-07,3.55948e-09,0.00525198
img_02252.jpg,0.0830215,2.00134e-08,1.71984e-05,1.07793e-07,2.65311e-06,4.76301e-05,5.21155e-07,0.91691
img_06001.jpg,0.847455,0.0263862,5.63224e-05,0.0628355,0.00568698,0.0566101,3.67838e-06,0.000966006
img_05813.jpg,0.30747,0.357949,0.154988,0.00186665,0.00109775,0.131943,8.22697e-06,0.0446767
img_01984.jpg,0.990552,0.00487001,0.00113151,0.000994195,0.00186672,0.000458669,1.13146e-06,0.000125528
img_01616.jpg,0.526135,0.0131734,0.148124,8.06158e-05,0.0281482,0.00130508,0.166249,0.116784
img_01384.jpg,0.0371039,0.000104338,5.69684e-05,2.04231e-08,0.000580697,0.961352,5.53836e-06,0.000796383
img_04369.jpg,1.52473e-06,5.40352e-09,3.12847e-10,3.40195e-07,7.21372e-07,3.95538e-09,1.82805e-08,0.999997
img_06947.jpg,0.0321736,3.56393e-11,2.30338e-06,9.05827e-10,0.967694,1.37538e-06,7.64207e-08,0.000128215
img_06273.jpg,0.481759,0.028936,1.88086e-05,5.81738e-08,0.0440795,0.445164,3.2872e-07,4.23429e-05
img_05328.jpg,0.784115,0.000130915,0.00106123,2.96244e-05,0.00380975,0.000211444,0.208267,0.00237522
img_07354.jpg,0.00359994,9.47619e-07,2.46092e-07,1.19928e-05,3.36703e-05,0.000122962,1.36358e-05,0.996217
img_03764.jpg,0.926345,0.00153384,8.40039e-10,2.23327e-10,9.91734e-05,0.0720221,8.43139e-10,3.99129e-08
img_00833.jpg,0.912676,0.0456127,0.0288494,4.14092e-09,8.15193e-06,0.00851378,6.38669e-07,0.00433982
img_07426.jpg,1.71946e-06,3.7337e-11,0.999998,8.78738e-13,1.20825e-09,1.78793e-13,1.70056e-12,2.81465e-09
img_06608.jpg,0.076451,0.878261,3.31167e-05,0.0171897,0.00513614,0.0226833,3.23975e-06,0.000242762
img_01834.jpg,0.775899,0.000865355,0.00755573,1.72878e-06,1.22805e-05,0.00131862,0.00114013,0.213208
img_02398.jpg,0.000383287,1.11979e-06,1.07852e-10,0.87469,5.64769e-06,0.12058,0.00233542,0.00200476
img_05603.jpg,0.00889042,1.0764e-06,0.991082,7.64189e-07,1.45207e-05,1.61274e-06,2.70649e-06,6.4774e-06
img_03867.jpg,7.99791e-07,2.7711e-06,2.6851e-11,3.2606e-10,0.999991,5.15313e-06,3.34919e-10,5.72035e-08
img_00982.jpg,0.000570461,4.78311e-05,2.82666e-07,1.21647e-06,0.998834,1.8056e-07,1.80332e-07,0.000545532
img_05755.jpg,0.126801,6.55052e-05,4.23516e-09,3.19526e-06,0.000153581,5.70991e-06,1.5802e-07,0.872971
img_07700.jpg,0.766633,0.000205024,3.75871e-06,6.8226e-08,0.00458017,0.227754,4.00923e-05,0.000783714
img_04520.jpg,0.280737,1.96056e-05,2.08639e-05,1.41836e-06,0.000397523,6.66512e-05,0.717137,0.00162042
img_02006.jpg,2.40993e-06,2.00659e-12,0.999998,5.05604e-14,1.03353e-10,1.38877e-14,9.79966e-13,8.5926e-10
img_03116.jpg,2.04677e-11,1.62728e-15,8.14254e-09,2.32424e-23,1.0,3.28942e-09,3.00684e-20,1.43436e-08
img_00398.jpg,0.629342,0.00337026,0.0724301,1.7567e-05,0.024211,9.22743e-05,0.0241735,0.246364
img_03456.jpg,1.41181e-16,5.35401e-28,8.89008e-17,2.07366e-30,1.0,8.41966e-16,8.71541e-23,1.14157e-13
img_00729.jpg,0.730621,0.00617826,0.000125209,0.000143647,0.0124873,0.000502955,0.0170906,0.232851
img_04675.jpg,1.11167e-09,0.000935722,2.09654e-05,2.05734e-11,2.78141e-05,2.40119e-09,3.32277e-10,0.999015
img_05349.jpg,0.00732345,0.973004,2.15288e-05,5.1918e-06,1.89346e-05,6.42442e-06,0.001622,0.0179986
img_01781.jpg,0.107177,0.0134873,0.00100023,0.565676,0.012318,0.0181565,0.000739098,0.281446
img_05236.jpg,0.00420255,0.00378724,0.00023378,0.000500384,0.000478072,0.032359,8.73028e-07,0.958438
img_00773.jpg,4.90869e-12,2.81769e-20,1.0,2.60758e-26,5.21479e-19,2.50605e-20,1.56156e-19,3.89697e-14
img_03290.jpg,0.468003,0.000452006,3.46295e-05,5.66952e-05,0.00075011,0.293342,3.70787e-06,0.237358
img_05186.jpg,0.908012,0.00010637,0.00110769,1.42105e-08,0.000557099,3.54532e-08,5.59704e-07,0.0902166
img_04546.jpg,4.29715e-05,6.95516e-05,0.0441918,3.88114e-06,0.00017805,0.0033622,0.00076219,0.951389
img_05718.jpg,0.0300773,3.67636e-05,1.78835e-05,0.00248497,0.000495848,2.35775e-05,3.41196e-07,0.966863
img_04860.jpg,0.0823478,0.000903663,0.000341309,0.897462,0.00106838,0.00465992,8.28686e-05,0.0131338
