image,ALB,BET,DOL,LAG,NoF,OTHER,SHARK,YFT
img_06909.jpg,0.203252,0.10374,0.110264,0.106432,0.120892,0.134685,0.105339,0.115396
img_07103.jpg,0.222099,0.105669,0.110443,0.109281,0.114237,0.115029,0.104524,0.118718
img_04118.jpg,0.219276,0.103135,0.107999,0.124539,0.114249,0.116961,0.100737,0.113105
img_03043.jpg,0.13682,0.0959762,0.123802,0.103016,0.104414,0.0910081,0.098874,0.246089
img_06916.jpg,0.238072,0.0923504,0.100927,0.107949,0.105124,0.115664,0.107833,0.132082
img_01431.jpg,0.142223,0.108001,0.108627,0.117173,0.12367,0.167006,0.107301,0.126
img_01058.jpg,0.203632,0.123323,0.115719,0.0990142,0.101461,0.106692,0.111775,0.138383
img_01249.jpg,0.189222,0.106595,0.106795,0.110666,0.156095,0.104725,0.107581,0.118321
img_07505.jpg,0.329035,0.0957158,0.09664,0.0961406,0.0920116,0.0971141,0.0963685,0.0969743
img_03223.jpg,0.18264,0.131975,0.120109,0.103735,0.106281,0.105282,0.116375,0.133603
img_02703.jpg,0.179462,0.110695,0.102688,0.101182,0.0964036,0.111573,0.127592,0.170404
img_02943.jpg,0.237672,0.108856,0.10524,0.10673,0.107734,0.120828,0.107022,0.105917
img_00828.jpg,0.1813,0.109642,0.106578,0.107552,0.198697,0.0956104,0.106559,0.0940608
img_04130.jpg,0.270768,0.094985,0.102276,0.107398,0.117452,0.102231,0.104005,0.100886
img_00417.jpg,0.150846,0.097628,0.104542,0.110183,0.100883,0.101921,0.0931463,0.240851
img_03670.jpg,0.257947,0.108866,0.104751,0.0983139,0.1251,0.101484,0.103847,0.0996909
img_00708.jpg,0.135795,0.142165,0.104846,0.109839,0.127864,0.122197,0.128949,0.128344
img_03082.jpg,0.218262,0.107271,0.107561,0.104378,0.167002,0.0948867,0.104956,0.0956832
img_05459.jpg,0.271199,0.0987929,0.103057,0.110634,0.105714,0.101456,0.101042,0.108106
img_07120.jpg,0.177758,0.111319,0.104515,0.103186,0.102558,0.104844,0.0995739,0.196247
img_06165.jpg,0.226543,0.111392,0.104723,0.105047,0.113125,0.103046,0.0945763,0.141547
img_06506.jpg,0.213666,0.117309,0.112131,0.105503,0.109234,0.109641,0.107215,0.125301
img_00223.jpg,0.156333,0.132395,0.104875,0.106513,0.12542,0.149675,0.118878,0.10591
img_03520.jpg,0.213886,0.103636,0.108749,0.120434,0.105154,0.106965,0.109489,0.131686
img_05950.jpg,0.313141,0.0987463,0.101412,0.0989996,0.0997174,0.100326,0.0944874,0.0931709
img_06547.jpg,0.26026,0.126316,0.103802,0.106733,0.104196,0.100411,0.0995232,0.0987584
img_04726.jpg,0.164544,0.101003,0.111212,0.102851,0.178063,0.122706,0.109339,0.110282
img_05292.jpg,0.18034,0.113656,0.106249,0.109942,0.113025,0.143878,0.121691,0.11122
img_01213.jpg,0.255274,0.0976583,0.104675,0.102537,0.107393,0.113906,0.105321,0.113235
img_06186.jpg,0.253438,0.0977217,0.109916,0.108406,0.133159,0.106036,0.101591,0.0897315
img_00030.jpg,0.115404,0.106451,0.105694,0.105094,0.174947,0.102902,0.130784,0.158725
img_06259.jpg,0.132454,0.0977913,0.109715,0.107051,0.107404,0.095654,0.10558,0.244352
img_07054.jpg,0.14335,0.0926628,0.0883015,0.112413,0.083548,0.0879011,0.106131,0.285692
img_02865.jpg,0.116446,0.13187,0.107013,0.107373,0.182087,0.111355,0.106318,0.137538
img_02890.jpg,0.168803,0.119284,0.10666,0.10822,0.112332,0.170114,0.10729,0.107297
img_05210.jpg,0.291346,0.104879,0.10227,0.094556,0.119903,0.0948718,0.100452,0.0917208
img_05322.jpg,0.317147,0.100467,0.101209,0.100166,0.0954424,0.099822,0.0971926,0.0885524
img_07023.jpg,0.238033,0.104257,0.110613,0.108319,0.0858388,0.0958798,0.108707,0.148353
img_02838.jpg,0.251161,0.112877,0.0996749,0.10172,0.0879722,0.111073,0.102338,0.133185
img_04233.jpg,0.134116,0.12227,0.127218,0.112504,0.132384,0.123771,0.144462,0.103275
img_01689.jpg,0.0903909,0.0852879,0.112358,0.0982946,0.103055,0.094946,0.0955423,0.320125
img_01632.jpg,0.278538,0.108423,0.106336,0.104051,0.0965692,0.104817,0.102327,0.0989383
img_07594.jpg,0.146199,0.111354,0.105814,0.110038,0.103916,0.115013,0.105141,0.202526
img_07143.jpg,0.1743,0.102718,0.116998,0.0990031,0.172416,0.131033,0.106942,0.0965904
img_03422.jpg,0.235772,0.102811,0.105278,0.106545,0.122848,0.124829,0.105498,0.0964201
img_00599.jpg,0.161256,0.144164,0.117876,0.108697,0.124707,0.0960456,0.141201,0.106053
img_02188.jpg,0.165336,0.123809,0.106265,0.107496,0.119981,0.101749,0.107231,0.168132
img_01552.jpg,0.310977,0.10074,0.0982669,0.0992915,0.109109,0.0911525,0.0940878,0.0963756
img_03628.jpg,0.25537,0.111811,0.110785,0.106005,0.105987,0.0997277,0.10536,0.104956
img_05026.jpg,0.253386,0.107653,0.107022,0.10193,0.107151,0.0868221,0.0994205,0.136616
img_01490.jpg,0.0862058,0.125903,0.12239,0.121383,0.112535,0.0770906,0.093801,0.260691
img_01211.jpg,0.310299,0.0960997,0.103091,0.0976738,0.0980884,0.100336,0.0924991,0.101913
img_04422.jpg,0.136443,0.13439,0.131651,0.107391,0.10569,0.087693,0.108116,0.188627
img_06845.jpg,0.258029,0.141186,0.0970938,0.106354,0.109354,0.106245,0.0997423,0.0819962
img_03805.jpg,0.281659,0.0974898,0.102173,0.104757,0.116892,0.100864,0.0987814,0.0973835
img_00914.jpg,0.119942,0.118142,0.139707,0.105463,0.0998475,0.122023,0.107111,0.187765
img_04879.jpg,0.189971,0.117586,0.106403,0.106781,0.129257,0.123232,0.108992,0.117777
img_00432.jpg,0.140085,0.10366,0.141903,0.110308,0.166632,0.110305,0.115844,0.111263
img_00007.jpg,0.27298,0.0995688,0.0969922,0.117131,0.112586,0.109673,0.102191,0.088878
img_00133.jpg,0.122254,0.118603,0.105148,0.103702,0.251903,0.100082,0.101667,0.0966413
img_02808.jpg,0.2121,0.109058,0.108534,0.109015,0.109975,0.141218,0.109523,0.100576
img_05864.jpg,0.132957,0.159531,0.111425,0.1125,0.130426,0.110773,0.118108,0.12428
img_07191.jpg,0.163113,0.103578,0.110536,0.106058,0.212924,0.105569,0.103887,0.0943351
img_00865.jpg,0.184481,0.231016,0.106647,0.0976497,0.0900445,0.107448,0.101102,0.0816121
img_03228.jpg,0.227298,0.101814,0.112773,0.109079,0.121331,0.13006,0.103699,0.0939462
img_00125.jpg,0.223383,0.148804,0.109024,0.113575,0.0881029,0.112781,0.103858,0.100473
img_02522.jpg,0.275438,0.144388,0.0994876,0.103701,0.0968048,0.102157,0.0967287,0.0812942
img_06332.jpg,0.20845,0.100357,0.106114,0.107397,0.133246,0.102682,0.117082,0.124673
img_03135.jpg,0.197911,0.124474,0.101244,0.103692,0.121889,0.105325,0.120018,0.125446
img_01847.jpg,0.180989,0.129537,0.10727,0.110029,0.104783,0.107604,0.109394,0.150394
img_06851.jpg,0.161166,0.124904,0.109892,0.107842,0.107312,0.111355,0.118751,0.158778
img_06144.jpg,0.171837,0.107882,0.112555,0.105067,0.114761,0.102956,0.102862,0.182079
img_02379.jpg,0.192494,0.111291,0.104015,0.10648,0.104523,0.114018,0.103748,0.16343
img_05038.jpg,0.200079,0.121474,0.111134,0.11339,0.110794,0.0999444,0.124751,0.118434
img_02487.jpg,0.197514,0.114382,0.104774,0.107743,0.109955,0.113799,0.0968802,0.154953
img_04559.jpg,0.142974,0.105878,0.115226,0.102978,0.113116,0.107212,0.110829,0.201787
img_06103.jpg,0.237852,0.111089,0.1044,0.108502,0.120356,0.106437,0.107248,0.104117
img_04752.jpg,0.147728,0.118562,0.101261,0.217,0.0953939,0.10821,0.10196,0.109886
img_03452.jpg,0.151022,0.157489,0.113277,0.114081,0.109374,0.112481,0.112251,0.130025
img_01571.jpg,0.249982,0.101984,0.104808,0.101299,0.106511,0.108621,0.0951608,0.131635
img_03924.jpg,0.197036,0.109315,0.10988,0.111351,0.14811,0.110465,0.0993872,0.114455
img_01688.jpg,0.183736,0.0958546,0.103683,0.110171,0.118072,0.171369,0.107801,0.109313
img_01824.jpg,0.215731,0.130241,0.108375,0.100685,0.118981,0.131372,0.108977,0.0856381
img_00598.jpg,0.247339,0.108556,0.100419,0.104653,0.114032,0.105424,0.109647,0.10993
img_07146.jpg,0.185655,0.0968189,0.095222,0.108762,0.169364,0.103841,0.108973,0.131364
img_04719.jpg,0.110692,0.103442,0.108617,0.103341,0.207318,0.146567,0.110246,0.109777
img_03871.jpg,0.138817,0.116492,0.108391,0.109294,0.124834,0.117554,0.103383,0.181235
img_00442.jpg,0.110898,0.0881833,0.113868,0.102034,0.0979054,0.101659,0.105686,0.279768
img_00760.jpg,0.13945,0.106231,0.113015,0.142136,0.10263,0.145957,0.107844,0.142737
img_02096.jpg,0.295451,0.0996385,0.101531,0.10227,0.101737,0.103507,0.100654,0.0952118
img_04532.jpg,0.131922,0.117772,0.10304,0.119178,0.117173,0.148596,0.117264,0.145056
img_03310.jpg,0.184481,0.110424,0.101447,0.10311,0.104928,0.156016,0.101487,0.138106
img_03581.jpg,0.253873,0.10494,0.106594,0.113957,0.101485,0.100689,0.102421,0.11604
img_03064.jpg,0.136159,0.107284,0.113235,0.109757,0.131765,0.126418,0.110404,0.164978
img_04795.jpg,0.192766,0.125631,0.102118,0.107482,0.111225,0.111872,0.124464,0.124442
img_06371.jpg,0.143462,0.138156,0.106751,0.107557,0.106393,0.101918,0.171738,0.124026
img_06469.jpg,0.232537,0.102258,0.103768,0.10634,0.120475,0.122477,0.0990672,0.113078
img_04405.jpg,0.0858273,0.123818,0.097567,0.0993156,0.102735,0.0850218,0.102555,0.30316
img_02235.jpg,0.115234,0.139772,0.115566,0.12343,0.122912,0.148509,0.121538,0.113038
img_02904.jpg,0.274847,0.102935,0.101135,0.106463,0.102601,0.108144,0.101282,0.102593
img_01328.jpg,0.230061,0.0939011,0.107083,0.120218,0.109833,0.124298,0.105391,0.109214
img_06962.jpg,0.138812,0.101554,0.122454,0.108234,0.123777,0.131288,0.156391,0.117491
img_07583.jpg,0.146976,0.156376,0.100409,0.109881,0.103662,0.103402,0.112443,0.166852
img_04076.jpg,0.252356,0.12043,0.109592,0.107323,0.0902098,0.11113,0.10386,0.105098
img_02789.jpg,0.13796,0.0936568,0.0938143,0.106843,0.139686,0.101857,0.217621,0.108563
img_05572.jpg,0.130443,0.127253,0.1123,0.107887,0.106681,0.121016,0.112128,0.182292
img_06642.jpg,0.187528,0.113744,0.111292,0.105106,0.11095,0.0970248,0.110687,0.163669
img_00999.jpg,0.155445,0.10811,0.106712,0.106485,0.121668,0.106561,0.107279,0.18774
img_01685.jpg,0.199857,0.105121,0.113713,0.112497,0.150621,0.112338,0.115279,0.0905732
img_06268.jpg,0.120453,0.0977576,0.109321,0.106742,0.175332,0.151379,0.0965135,0.142502
img_02646.jpg,0.100378,0.100232,0.0999626,0.0992687,0.097393,0.105533,0.0957496,0.301483
img_01519.jpg,0.176331,0.119693,0.109052,0.110828,0.116932,0.112129,0.117354,0.13768
img_01649.jpg,0.207953,0.11815,0.105866,0.108382,0.134539,0.101903,0.103948,0.119258
img_04250.jpg,0.101845,0.1008,0.114066,0.111368,0.262774,0.106351,0.107874,0.0949224
img_02648.jpg,0.128526,0.109915,0.127444,0.108174,0.110249,0.100045,0.0966947,0.218952
img_07757.jpg,0.211878,0.117788,0.10026,0.118026,0.14596,0.10222,0.100866,0.103002
img_03475.jpg,0.167563,0.106071,0.102887,0.108111,0.16039,0.125297,0.101164,0.128517
img_06424.jpg,0.337252,0.100825,0.0983193,0.0965062,0.0882788,0.0952706,0.0949961,0.0885517
img_06010.jpg,0.228633,0.103057,0.106509,0.103505,0.0929848,0.102552,0.109678,0.153083
img_02625.jpg,0.155681,0.101893,0.102127,0.106212,0.185052,0.120472,0.120968,0.107594
img_04671.jpg,0.197336,0.100268,0.105652,0.109937,0.118446,0.103334,0.121408,0.143618
img_05021.jpg,0.182765,0.103781,0.105304,0.110274,0.160667,0.115844,0.101074,0.120291
img_04511.jpg,0.154095,0.123456,0.104487,0.107828,0.161279,0.123099,0.116381,0.109375
img_03222.jpg,0.31319,0.110292,0.0958259,0.104666,0.0982064,0.0946257,0.0950219,0.0881718
img_04603.jpg,0.156739,0.107373,0.107228,0.109306,0.122212,0.105947,0.0995628,0.191632
img_04888.jpg,0.251183,0.10127,0.106194,0.100771,0.0992229,0.104025,0.106757,0.130578
img_07375.jpg,0.190965,0.115496,0.111665,0.103703,0.122548,0.102505,0.110303,0.142815
img_06038.jpg,0.097309,0.104956,0.118584,0.102686,0.0976701,0.116912,0.0942805,0.267602
img_00664.jpg,0.300693,0.102163,0.105749,0.103705,0.0963338,0.0994472,0.0951157,0.0967942
img_01684.jpg,0.273031,0.106197,0.10093,0.102582,0.118242,0.111374,0.0969418,0.090703
img_06732.jpg,0.328388,0.090405,0.0994453,0.096136,0.103222,0.0972244,0.0937774,0.0914016
img_06426.jpg,0.181692,0.103043,0.111418,0.106692,0.119476,0.117572,0.104401,0.155706
img_05721.jpg,0.0946632,0.0900354,0.105714,0.0959052,0.102134,0.094251,0.0892266,0.32807
img_04991.jpg,0.177471,0.126285,0.110584,0.104272,0.117287,0.12192,0.107156,0.135025
img_05587.jpg,0.202322,0.112378,0.107846,0.115439,0.142127,0.108762,0.104313,0.106812
img_07173.jpg,0.189593,0.0989682,0.114944,0.110144,0.0948599,0.101788,0.100322,0.189381
img_04959.jpg,0.37635,0.097138,0.0926689,0.0850979,0.0924069,0.094341,0.0935322,0.0684648
img_05520.jpg,0.192485,0.118701,0.110861,0.108148,0.127333,0.116591,0.106754,0.119126
img_02367.jpg,0.233131,0.110949,0.107448,0.105437,0.110938,0.106202,0.104015,0.121881
img_06685.jpg,0.174931,0.11274,0.113809,0.109296,0.169401,0.11357,0.10165,0.104604
img_02636.jpg,0.147191,0.166988,0.110524,0.103929,0.105972,0.0960701,0.0965955,0.172731
img_04271.jpg,0.0884005,0.099551,0.117152,0.10515,0.296391,0.0908735,0.0973239,0.105158
img_06508.jpg,0.0971938,0.110765,0.105797,0.10858,0.259459,0.110387,0.117964,0.0898538
img_04503.jpg,0.160808,0.109244,0.100735,0.104419,0.245175,0.0975916,0.0989946,0.0830326
img_03941.jpg,0.238105,0.109995,0.108393,0.11351,0.0994788,0.107302,0.107199,0.116017
img_07833.jpg,0.259899,0.0946187,0.104342,0.100189,0.111242,0.12001,0.103716,0.105983
img_02799.jpg,0.207856,0.101619,0.106833,0.104323,0.149489,0.10926,0.0994741,0.121145
img_05433.jpg,0.214627,0.107844,0.100087,0.10676,0.130329,0.11527,0.114832,0.11025
img_05440.jpg,0.203205,0.119213,0.110538,0.109544,0.0974394,0.139962,0.109169,0.11093
img_07508.jpg,0.16262,0.0983017,0.0985677,0.105798,0.196709,0.0957289,0.131136,0.111139
img_03195.jpg,0.201047,0.115376,0.107048,0.105168,0.139629,0.134102,0.106185,0.0914456
img_07005.jpg,0.334168,0.0939803,0.09817,0.0951263,0.0931908,0.0979238,0.0984675,0.0889727
img_05489.jpg,0.265895,0.110397,0.109722,0.104482,0.107026,0.0976275,0.101648,0.103203
img_03426.jpg,0.210607,0.108575,0.103213,0.110968,0.0894825,0.120403,0.0973528,0.159398
img_03760.jpg,0.183073,0.103896,0.107013,0.108221,0.114127,0.137861,0.101432,0.144377
img_04856.jpg,0.268003,0.104533,0.100882,0.101538,0.0988698,0.10836,0.101394,0.11642
img_02209.jpg,0.16451,0.117374,0.10779,0.106507,0.131429,0.129391,0.109085,0.133915
img_00071.jpg,0.147505,0.109147,0.104639,0.211857,0.123971,0.102499,0.107749,0.0926328
img_00726.jpg,0.283756,0.1084,0.0990894,0.101472,0.108315,0.106464,0.101187,0.091316
img_01888.jpg,0.118076,0.108819,0.102377,0.125874,0.125292,0.141425,0.121607,0.156531
img_03547.jpg,0.29147,0.102729,0.101394,0.102485,0.0973445,0.102701,0.103697,0.0981802
img_05426.jpg,0.23566,0.10988,0.100035,0.113001,0.100313,0.106013,0.105043,0.130056
img_07717.jpg,0.269395,0.102853,0.106175,0.103762,0.106155,0.10755,0.105159,0.0989513
img_03490.jpg,0.095976,0.172946,0.0943686,0.0968301,0.224343,0.0913567,0.102272,0.121908
img_00005.jpg,0.0865781,0.106753,0.0957755,0.101071,0.350279,0.0913598,0.0874546,0.080729
img_01657.jpg,0.103785,0.104694,0.14347,0.105238,0.103926,0.0991416,0.105578,0.234167
img_00974.jpg,0.266003,0.0965293,0.101947,0.106326,0.112867,0.107902,0.101523,0.106902
img_05264.jpg,0.111838,0.201074,0.159541,0.10229,0.0986237,0.101232,0.100892,0.124509
img_06324.jpg,0.325593,0.0947208,0.0954795,0.0963445,0.0855351,0.0879342,0.102151,0.112241
img_00808.jpg,0.247861,0.105304,0.10487,0.105037,0.110837,0.104232,0.107279,0.114581
img_01090.jpg,0.148153,0.13042,0.109711,0.111054,0.172502,0.106614,0.118096,0.103449
img_02739.jpg,0.302529,0.0922894,0.106968,0.0995129,0.102253,0.100385,0.0938124,0.102249
img_02146.jpg,0.234308,0.125471,0.105553,0.111846,0.116364,0.0946497,0.106385,0.105422
img_04285.jpg,0.246164,0.104728,0.105972,0.103619,0.0991426,0.0934481,0.105386,0.141541
img_00646.jpg,0.0823137,0.0920053,0.104503,0.0977196,0.103429,0.113558,0.0903331,0.316139
img_00289.jpg,0.21502,0.114548,0.107362,0.105632,0.117788,0.108075,0.0939087,0.137665
img_03181.jpg,0.212517,0.114361,0.110905,0.120281,0.102125,0.124152,0.105109,0.11055
img_00164.jpg,0.171177,0.100805,0.109596,0.106451,0.211942,0.104516,0.103789,0.0917248
img_06986.jpg,0.178206,0.136336,0.109338,0.107926,0.120201,0.110365,0.107889,0.129739
img_03602.jpg,0.212697,0.103917,0.102521,0.111841,0.119749,0.12616,0.105924,0.117191
img_02702.jpg,0.236762,0.105864,0.10447,0.105875,0.124814,0.0943227,0.102974,0.124919
img_01955.jpg,0.160118,0.114858,0.114684,0.10651,0.119343,0.106872,0.103145,0.174469
img_05222.jpg,0.287379,0.100999,0.102058,0.104082,0.0996259,0.101917,0.103088,0.100851
img_03410.jpg,0.150122,0.106504,0.111552,0.109633,0.197669,0.100255,0.095568,0.128696
img_04921.jpg,0.149148,0.0925596,0.104676,0.103376,0.132595,0.142782,0.116713,0.15815
img_06321.jpg,0.174696,0.111613,0.100455,0.103828,0.106446,0.102957,0.102256,0.197751
img_06440.jpg,0.170173,0.0975145,0.109248,0.109943,0.131247,0.115942,0.108194,0.157739
img_02949.jpg,0.239818,0.103666,0.111269,0.103925,0.100595,0.114409,0.101766,0.124551
img_03945.jpg,0.161158,0.117404,0.103833,0.101452,0.140696,0.10921,0.116775,0.149471
img_04015.jpg,0.250991,0.133167,0.101793,0.10367,0.112559,0.0962868,0.106136,0.0953974
img_02766.jpg,0.28498,0.10646,0.10172,0.104794,0.110964,0.102018,0.095968,0.0930966
img_01142.jpg,0.214678,0.104915,0.111382,0.115322,0.108873,0.102209,0.109978,0.132644
img_04410.jpg,0.251449,0.101126,0.105119,0.106845,0.116734,0.105862,0.106413,0.106453
img_01379.jpg,0.142106,0.103808,0.110389,0.132294,0.160034,0.111334,0.105622,0.134413
img_01366.jpg,0.181648,0.118591,0.107122,0.113223,0.114036,0.156856,0.105664,0.102858
img_05828.jpg,0.339848,0.0981342,0.0969904,0.0973386,0.0918259,0.0977912,0.0957638,0.0823076
img_02082.jpg,0.122021,0.097055,0.0981022,0.109575,0.163878,0.100683,0.215655,0.0930301
img_05492.jpg,0.0620287,0.116142,0.114564,0.10086,0.0946359,0.0896447,0.0876657,0.334459
img_00493.jpg,0.197627,0.122105,0.112971,0.108667,0.147803,0.100895,0.104952,0.10498
img_04129.jpg,0.228798,0.0992526,0.103077,0.114429,0.118198,0.115262,0.102921,0.118063
img_03210.jpg,0.1483,0.123736,0.129164,0.10785,0.106717,0.101555,0.111342,0.171335
img_04640.jpg,0.208697,0.114939,0.105709,0.104228,0.118594,0.102328,0.10155,0.143955
img_04712.jpg,0.168507,0.101254,0.115961,0.108209,0.105048,0.136252,0.10653,0.158238
img_02372.jpg,0.16329,0.109804,0.114866,0.105273,0.196599,0.10643,0.10603,0.0977076
img_02749.jpg,0.241946,0.105885,0.109521,0.109805,0.102743,0.109393,0.104484,0.116224
img_01022.jpg,0.176157,0.112275,0.111694,0.151433,0.12177,0.109498,0.103983,0.11319
img_00285.jpg,0.195747,0.136078,0.110267,0.105622,0.104107,0.125397,0.0979511,0.124831
img_06922.jpg,0.194829,0.109442,0.109447,0.107791,0.112804,0.127079,0.116421,0.122187
img_02540.jpg,0.133327,0.111019,0.145499,0.106755,0.166381,0.110466,0.119865,0.106688
img_01831.jpg,0.245502,0.102576,0.105362,0.110757,0.103248,0.104814,0.10446,0.123281
img_00575.jpg,0.17914,0.110569,0.108121,0.107504,0.123275,0.131672,0.0939747,0.145745
img_04247.jpg,0.125995,0.0973086,0.100755,0.107866,0.122188,0.0976562,0.226353,0.121878
img_02666.jpg,0.279804,0.0960151,0.101791,0.104055,0.109328,0.100143,0.105875,0.102988
img_06285.jpg,0.102257,0.107777,0.11035,0.0993022,0.0979868,0.10495,0.0982822,0.279095
img_00172.jpg,0.140638,0.113054,0.113484,0.101574,0.235233,0.116458,0.103579,0.0759804
img_07590.jpg,0.207977,0.125487,0.109632,0.105177,0.152185,0.0901049,0.10575,0.103688
img_06975.jpg,0.222934,0.108454,0.11512,0.102286,0.120373,0.120884,0.101221,0.108728
img_05568.jpg,0.217535,0.108185,0.10218,0.108044,0.126243,0.107463,0.106456,0.123893
img_05595.jpg,0.165556,0.103839,0.113864,0.102589,0.118776,0.106926,0.111987,0.176463
img_05087.jpg,0.172406,0.118325,0.118447,0.107875,0.14017,0.0964427,0.109666,0.136669
img_00590.jpg,0.208082,0.112365,0.115444,0.102862,0.126412,0.102028,0.104254,0.128554
img_04507.jpg,0.120241,0.100797,0.10796,0.10043,0.0974483,0.108848,0.100823,0.263453
img_00180.jpg,0.166918,0.110387,0.106875,0.101516,0.106471,0.107144,0.0997989,0.20089
img_02889.jpg,0.236015,0.0947762,0.107047,0.10528,0.0967445,0.0999782,0.104248,0.155911
img_04263.jpg,0.31929,0.103798,0.101485,0.0977675,0.0989626,0.0981673,0.0944064,0.0861229
img_05276.jpg,0.134173,0.0914878,0.107718,0.114858,0.215314,0.105901,0.109834,0.120713
img_07818.jpg,0.206342,0.105601,0.109454,0.110264,0.130419,0.111234,0.103984,0.122702
img_04476.jpg,0.128684,0.134147,0.109924,0.107905,0.107447,0.110151,0.11096,0.190781
img_00282.jpg,0.190091,0.123736,0.105506,0.109345,0.110783,0.147325,0.106813,0.106401
img_02687.jpg,0.133323,0.10781,0.108552,0.10596,0.106395,0.109744,0.102316,0.225901
img_02920.jpg,0.280774,0.110411,0.102829,0.105955,0.0876074,0.108102,0.102447,0.101874
img_02172.jpg,0.209231,0.110579,0.115878,0.107682,0.102472,0.127509,0.109973,0.116676
img_07348.jpg,0.16783,0.0916041,0.116058,0.105942,0.167515,0.0937228,0.108296,0.149032
img_01803.jpg,0.111626,0.190369,0.117879,0.107226,0.103286,0.0994026,0.116513,0.153697
img_01222.jpg,0.275498,0.114843,0.10181,0.101393,0.0992089,0.108726,0.10112,0.0974016
img_06302.jpg,0.233604,0.106287,0.110589,0.11012,0.128527,0.101085,0.104803,0.104984
img_07893.jpg,0.168533,0.104383,0.109931,0.115715,0.0970416,0.125111,0.0942938,0.184991
img_05015.jpg,0.24084,0.103276,0.101238,0.118547,0.100025,0.106529,0.103331,0.126214
img_07224.jpg,0.11691,0.114409,0.108919,0.11203,0.229531,0.105553,0.114133,0.0985153
img_07352.jpg,0.246992,0.0972029,0.104587,0.099135,0.114336,0.108005,0.112341,0.117401
img_01640.jpg,0.348684,0.089213,0.105204,0.0910397,0.0958611,0.0942134,0.091308,0.0844761
img_05908.jpg,0.161817,0.108267,0.118065,0.103527,0.203777,0.104796,0.101449,0.0983021
img_04013.jpg,0.147431,0.126036,0.101924,0.129881,0.110331,0.153858,0.11878,0.111759
img_01224.jpg,0.192527,0.129692,0.114858,0.109587,0.111888,0.111489,0.0945743,0.135385
img_07419.jpg,0.126767,0.0924677,0.106265,0.103925,0.108345,0.0980816,0.0992858,0.264863
img_07160.jpg,0.196739,0.101396,0.110007,0.105473,0.173339,0.102021,0.106606,0.104419
img_03444.jpg,0.241899,0.116946,0.0985497,0.108156,0.112357,0.108121,0.111474,0.102498
img_05722.jpg,0.141928,0.113374,0.10294,0.104224,0.194956,0.107525,0.105123,0.12993
img_03943.jpg,0.276579,0.0927617,0.104967,0.100129,0.101602,0.114163,0.0931128,0.116686
img_05640.jpg,0.238304,0.108767,0.103387,0.113933,0.119825,0.103994,0.101947,0.109844
img_06959.jpg,0.237346,0.110291,0.109759,0.110376,0.113687,0.103229,0.102025,0.113286
img_07628.jpg,0.17093,0.116446,0.103558,0.117769,0.175306,0.0982248,0.100779,0.116988
img_05293.jpg,0.190354,0.111867,0.106822,0.115128,0.092869,0.102978,0.105608,0.174374
img_05475.jpg,0.114203,0.0913418,0.107422,0.110896,0.251103,0.113217,0.106968,0.104851
img_00473.jpg,0.315155,0.0878148,0.10024,0.0952805,0.0935653,0.0915592,0.0974405,0.118944
img_02974.jpg,0.271738,0.109638,0.114037,0.103431,0.111323,0.0974648,0.0951325,0.0972354
img_02077.jpg,0.151905,0.120137,0.103066,0.213502,0.0949287,0.105427,0.10041,0.110624
img_06832.jpg,0.245046,0.104908,0.109395,0.116563,0.108524,0.106881,0.106922,0.101762
img_06690.jpg,0.117458,0.0996651,0.112225,0.104006,0.109523,0.0996379,0.10055,0.256934
img_01426.jpg,0.138687,0.148915,0.143828,0.114167,0.111965,0.100043,0.121202,0.121193
img_07051.jpg,0.173403,0.129841,0.121483,0.10929,0.105146,0.0985645,0.118357,0.143916
img_07318.jpg,0.101899,0.0910672,0.111355,0.10273,0.101345,0.157398,0.1146,0.219606
img_00027.jpg,0.176024,0.112683,0.113497,0.110072,0.131727,0.123804,0.114287,0.117906
img_06616.jpg,0.247316,0.109193,0.11923,0.102292,0.111491,0.0952546,0.0997083,0.115516
img_07319.jpg,0.235912,0.115701,0.0967975,0.102396,0.100371,0.0865133,0.112867,0.149441
img_02416.jpg,0.094072,0.182179,0.0978746,0.0949248,0.195841,0.105382,0.100311,0.129415
img_02734.jpg,0.226246,0.105583,0.116824,0.113113,0.110302,0.108012,0.107367,0.112552
img_03563.jpg,0.223548,0.121882,0.0958728,0.108237,0.159778,0.0924607,0.0977934,0.100428
img_02422.jpg,0.18283,0.110151,0.105129,0.103407,0.103615,0.137152,0.0999693,0.157747
img_07156.jpg,0.277444,0.0985024,0.0971873,0.115778,0.0996916,0.116682,0.0972094,0.0975052
img_05439.jpg,0.208743,0.10313,0.108232,0.10805,0.137018,0.111734,0.112996,0.110097
img_06571.jpg,0.272592,0.0897373,0.109898,0.101369,0.1179,0.103276,0.0986583,0.10657
img_01825.jpg,0.143473,0.199641,0.110732,0.102529,0.11009,0.108728,0.105562,0.119244
img_05754.jpg,0.19367,0.107516,0.106526,0.105057,0.118778,0.145803,0.11211,0.110541
img_02347.jpg,0.277191,0.120933,0.0909832,0.107739,0.125329,0.107752,0.0940915,0.0759824
img_06311.jpg,0.185878,0.115285,0.114609,0.118454,0.0964381,0.152049,0.111518,0.105768
img_01593.jpg,0.172528,0.0957132,0.111708,0.10775,0.105009,0.12009,0.105021,0.18218
img_02291.jpg,0.289173,0.102723,0.102045,0.0991734,0.114603,0.0968907,0.0944508,0.100942
img_03229.jpg,0.153651,0.118697,0.112675,0.112068,0.110971,0.129418,0.121164,0.141356
img_00311.jpg,0.301861,0.096374,0.113298,0.0967901,0.0976437,0.0988123,0.0938433,0.101377
img_05251.jpg,0.119073,0.119545,0.106385,0.105021,0.104229,0.109743,0.105621,0.230383
img_02119.jpg,0.172718,0.133757,0.10967,0.106694,0.113512,0.124522,0.117149,0.121979
img_01856.jpg,0.26019,0.103181,0.113839,0.101247,0.102155,0.105613,0.0994953,0.11428
img_02769.jpg,0.144098,0.0927835,0.103653,0.101812,0.107689,0.101183,0.0965357,0.252247
img_05539.jpg,0.185584,0.119309,0.106002,0.110358,0.114169,0.148821,0.108216,0.107541
img_05548.jpg,0.2859,0.0984401,0.102914,0.101887,0.102496,0.10658,0.103298,0.0984853
img_03674.jpg,0.212271,0.118391,0.104123,0.100914,0.154426,0.108127,0.104725,0.0970212
img_04740.jpg,0.165917,0.105048,0.129561,0.113674,0.139311,0.130686,0.123167,0.0926362
img_06373.jpg,0.109929,0.0957351,0.125478,0.106525,0.104842,0.106775,0.107763,0.242954
img_02124.jpg,0.170957,0.123961,0.108582,0.115031,0.125025,0.103567,0.107925,0.144952
img_05084.jpg,0.181433,0.108276,0.107988,0.107323,0.121425,0.130862,0.106916,0.135777
img_06521.jpg,0.169942,0.11587,0.105286,0.103817,0.108746,0.0907492,0.111729,0.193861
img_04237.jpg,0.157855,0.166905,0.136188,0.105687,0.11013,0.110368,0.109268,0.103599
img_00894.jpg,0.193249,0.0943296,0.11114,0.0918185,0.222234,0.0927557,0.104168,0.0903055
img_00292.jpg,0.148295,0.127907,0.11268,0.109941,0.131088,0.122709,0.123464,0.123917
img_07448.jpg,0.260428,0.0976808,0.103299,0.118494,0.0869771,0.106368,0.106572,0.120181
img_03527.jpg,0.0960732,0.10166,0.10136,0.0997473,0.104122,0.0969219,0.104092,0.296023
img_03801.jpg,0.307782,0.0933499,0.10239,0.0991621,0.0973543,0.10184,0.101706,0.0964165
img_06673.jpg,0.260642,0.109956,0.107545,0.108004,0.1026,0.110784,0.0966054,0.103863
img_07428.jpg,0.189355,0.097799,0.111987,0.122716,0.131597,0.122646,0.109517,0.114382
img_04750.jpg,0.141149,0.112099,0.104233,0.102864,0.196195,0.13296,0.103023,0.107476
img_05948.jpg,0.181594,0.109924,0.103694,0.104201,0.102471,0.186735,0.11511,0.0962706
img_00152.jpg,0.145548,0.115927,0.107747,0.104843,0.102798,0.114476,0.0964328,0.212228
img_00654.jpg,0.247522,0.112165,0.0976893,0.105884,0.106162,0.115348,0.103866,0.111362
img_03074.jpg,0.24325,0.0949344,0.105816,0.115581,0.102769,0.117781,0.100845,0.119024
img_05156.jpg,0.249298,0.125757,0.102567,0.110546,0.10008,0.122482,0.0992202,0.0900506
img_05682.jpg,0.252304,0.112202,0.111541,0.101364,0.104803,0.0986821,0.105785,0.113319
img_00046.jpg,0.2801,0.103468,0.102512,0.101936,0.112337,0.103773,0.0995286,0.0963462
img_01745.jpg,0.177093,0.104733,0.119074,0.127938,0.106511,0.111828,0.103691,0.149132
img_03488.jpg,0.321186,0.0940221,0.089913,0.0960369,0.105045,0.102583,0.0955563,0.0956578
img_05438.jpg,0.204135,0.12896,0.110109,0.113682,0.121622,0.115132,0.101549,0.104811
img_03087.jpg,0.199443,0.106931,0.108363,0.110576,0.144363,0.115353,0.102714,0.112257
img_02285.jpg,0.366864,0.0923482,0.0923998,0.0930998,0.084059,0.0935649,0.0927399,0.0849249
img_06237.jpg,0.260808,0.105491,0.104588,0.0956279,0.130502,0.103412,0.102907,0.0966635
img_00446.jpg,0.220929,0.100773,0.113383,0.111238,0.131508,0.109127,0.112648,0.100393
img_05445.jpg,0.288971,0.10172,0.105241,0.100557,0.10196,0.10318,0.101363,0.0970074
img_04830.jpg,0.307371,0.0977986,0.0947414,0.100057,0.0992647,0.0982322,0.105482,0.0970529
img_06807.jpg,0.153887,0.0956864,0.103391,0.106713,0.106237,0.0954119,0.224192,0.114482
img_06294.jpg,0.346352,0.0999331,0.0961355,0.0953453,0.096727,0.0942133,0.0883578,0.0829357
img_06798.jpg,0.208778,0.111107,0.114942,0.114291,0.124697,0.11153,0.106927,0.107728
img_01188.jpg,0.162208,0.137692,0.105162,0.118863,0.120016,0.143182,0.113514,0.099363
img_05857.jpg,0.28662,0.0938357,0.0975382,0.105302,0.105559,0.108653,0.104425,0.0980672
img_04419.jpg,0.104439,0.111217,0.0934271,0.101964,0.263021,0.10964,0.11368,0.102612
img_05284.jpg,0.186082,0.163914,0.120177,0.109439,0.102704,0.0917877,0.111783,0.114113
img_07278.jpg,0.259906,0.102018,0.10844,0.104211,0.106945,0.107164,0.100782,0.110535
img_00587.jpg,0.173471,0.123183,0.114566,0.105091,0.110715,0.110825,0.127743,0.134406
img_07543.jpg,0.232022,0.117362,0.114074,0.1098,0.114129,0.0945528,0.106603,0.111457
img_03238.jpg,0.245815,0.0937941,0.0987719,0.0998263,0.0919897,0.0951339,0.102178,0.17249
img_04257.jpg,0.165191,0.114973,0.111596,0.109981,0.208037,0.0987407,0.102775,0.0887052
img_05735.jpg,0.165803,0.10082,0.105425,0.106382,0.116135,0.111214,0.104697,0.189524
img_01996.jpg,0.20013,0.100783,0.108177,0.108428,0.166029,0.107054,0.102825,0.106574
img_05074.jpg,0.195465,0.104261,0.107476,0.105287,0.153843,0.10523,0.105405,0.123034
img_04642.jpg,0.123254,0.102467,0.100304,0.102551,0.219026,0.131659,0.107051,0.113686
img_07659.jpg,0.23472,0.111569,0.11864,0.106859,0.111009,0.106353,0.112545,0.0983048
img_04138.jpg,0.110057,0.116079,0.101126,0.103623,0.276528,0.0955987,0.104705,0.0922833
img_07467.jpg,0.275258,0.0981831,0.107132,0.102906,0.111563,0.104509,0.0948998,0.105549
img_05794.jpg,0.27165,0.124862,0.109518,0.104555,0.10135,0.100742,0.0967054,0.0906173
img_06637.jpg,0.0941364,0.0984122,0.0986068,0.0950351,0.313249,0.0920516,0.100113,0.108397
img_07746.jpg,0.146179,0.113057,0.108249,0.105758,0.129447,0.134404,0.104269,0.158636
img_07616.jpg,0.285518,0.102501,0.104522,0.111008,0.087901,0.103693,0.104068,0.100789
img_00584.jpg,0.224103,0.103174,0.100071,0.103133,0.132267,0.117071,0.101571,0.118611
img_01782.jpg,0.112626,0.0980726,0.108418,0.107744,0.242118,0.115817,0.103702,0.111503
img_03809.jpg,0.126049,0.164776,0.117634,0.109486,0.110992,0.110367,0.10909,0.151607
img_06800.jpg,0.219712,0.105825,0.110359,0.109367,0.139383,0.104774,0.104531,0.106049
img_03254.jpg,0.150322,0.0990861,0.108697,0.106087,0.135631,0.12648,0.109468,0.164229
img_04073.jpg,0.169298,0.105793,0.107642,0.121388,0.111101,0.118527,0.118371,0.14788
img_00730.jpg,0.254402,0.0991363,0.105269,0.100844,0.114186,0.0946662,0.0980488,0.133449
img_07553.jpg,0.171797,0.14149,0.106104,0.0969796,0.202224,0.0919426,0.0970199,0.0924431
img_00550.jpg,0.141228,0.101625,0.123858,0.105412,0.15306,0.155487,0.120573,0.0987576
img_05692.jpg,0.100266,0.0971112,0.120956,0.105679,0.105675,0.091426,0.103881,0.275005
img_07192.jpg,0.109616,0.133071,0.105575,0.110433,0.204469,0.100179,0.0975517,0.139105
img_02954.jpg,0.079789,0.228978,0.090065,0.0951984,0.177398,0.0971565,0.102599,0.128816
img_02252.jpg,0.283591,0.107625,0.102379,0.0995462,0.101772,0.102988,0.104014,0.0980843
img_06001.jpg,0.24027,0.107624,0.105672,0.102613,0.123185,0.110699,0.106239,0.103698
img_05813.jpg,0.305582,0.0914019,0.0956766,0.112968,0.0998907,0.106047,0.100352,0.0880824
img_01984.jpg,0.281942,0.0987715,0.10372,0.106926,0.106863,0.102293,0.0994547,0.10003
img_01616.jpg,0.208331,0.0925554,0.108689,0.105714,0.120985,0.107637,0.125103,0.130987
img_01384.jpg,0.170127,0.111326,0.132988,0.107249,0.125956,0.134741,0.114791,0.102821
img_04369.jpg,0.16204,0.113706,0.123825,0.101003,0.111281,0.139052,0.111334,0.137759
img_06947.jpg,0.107864,0.109266,0.111319,0.103155,0.244545,0.0979934,0.109373,0.116483
img_06273.jpg,0.310868,0.124986,0.0979498,0.0885501,0.0867378,0.10229,0.0937687,0.0948502
img_05328.jpg,0.196697,0.0952167,0.0996657,0.107528,0.135505,0.104124,0.128509,0.132755
img_07354.jpg,0.302961,0.0987578,0.100691,0.0988926,0.10164,0.0999898,0.0961851,0.100882
img_03764.jpg,0.339644,0.0870837,0.0997174,0.0969652,0.0984534,0.0974153,0.090068,0.0906531
img_00833.jpg,0.142963,0.119505,0.102681,0.111695,0.130618,0.140367,0.102544,0.149627
img_07426.jpg,0.18102,0.119389,0.120907,0.120295,0.101963,0.124071,0.104461,0.127894
img_06608.jpg,0.260401,0.102909,0.105662,0.11314,0.107327,0.11009,0.102441,0.0980293
img_01834.jpg,0.180168,0.121415,0.115359,0.106492,0.116422,0.088118,0.0891395,0.182886
img_02398.jpg,0.184991,0.108843,0.10794,0.119984,0.0987967,0.157947,0.106972,0.114526
img_05603.jpg,0.256683,0.105234,0.108574,0.0940584,0.125116,0.107587,0.102112,0.100636
img_03867.jpg,0.104615,0.112389,0.0998403,0.109356,0.204203,0.126558,0.109184,0.133854
img_00982.jpg,0.11474,0.129206,0.114042,0.0984445,0.236129,0.0837263,0.0925912,0.131121
img_05755.jpg,0.267851,0.0936101,0.102837,0.111736,0.099355,0.11822,0.107291,0.0991001
img_07700.jpg,0.160734,0.102776,0.133228,0.109094,0.162655,0.11811,0.120561,0.0928428
img_04520.jpg,0.140057,0.0971634,0.0988164,0.111067,0.168738,0.0998935,0.175539,0.108726
img_02006.jpg,0.186858,0.113127,0.121661,0.124246,0.0975492,0.127938,0.105306,0.123314
img_03116.jpg,0.159068,0.108863,0.113811,0.106224,0.125686,0.120975,0.107087,0.158286
img_00398.jpg,0.226888,0.10287,0.106727,0.103667,0.111955,0.109284,0.112328,0.126282
img_03456.jpg,0.165424,0.116244,0.0980332,0.104447,0.197693,0.104402,0.111717,0.102039
img_00729.jpg,0.256448,0.104252,0.101134,0.104137,0.110418,0.106407,0.105346,0.111857
img_04675.jpg,0.10904,0.15897,0.110608,0.104306,0.119168,0.110738,0.109392,0.177778
img_05349.jpg,0.107357,0.255941,0.151249,0.0940003,0.102749,0.0896315,0.100546,0.0985263
img_01781.jpg,0.203261,0.110914,0.108904,0.106514,0.143337,0.117203,0.103346,0.10652
img_05236.jpg,0.259871,0.113712,0.10386,0.100077,0.101686,0.0879284,0.0927621,0.140103
img_00773.jpg,0.185399,0.103982,0.112698,0.112487,0.128277,0.140224,0.103882,0.11305
img_03290.jpg,0.196781,0.118923,0.108106,0.104031,0.101137,0.112609,0.112237,0.146177
img_05186.jpg,0.121358,0.131975,0.108291,0.121538,0.103287,0.118208,0.120705,0.174637
img_04546.jpg,0.114512,0.0925494,0.105459,0.102094,0.108208,0.112994,0.0975194,0.266664
img_05718.jpg,0.129449,0.131236,0.10556,0.127815,0.131314,0.134506,0.121601,0.118518
img_04860.jpg,0.31262,0.0917663,0.102454,0.103253,0.102947,0.0987167,0.0993383,0.0889044
img_05896.jpg,0.338897,0.102284,0.0946254,0.0979811,0.0901108,0.0953397,0.094823,0.0859383
img_04128.jpg,0.215204,0.146131,0.111611,0.109947,0.0963675,0.102789,0.109289,0.108664
img_04766.jpg,0.171675,0.114504,0.112875,0.103856,0.118833,0.093199,0.113704,0.171353
img_01134.jpg,0.259619,0.107578,0.10663,0.11055,0.0913189,0.108754,0.104114,0.111436
img_03652.jpg,0.287507,0.0924436,0.0990774,0.100051,0.123376,0.0985137,0.097661,0.101371
img_03361.jpg,0.114362,0.258011,0.109223,0.0980406,0.0989987,0.0968857,0.112997,0.111483
img_01171.jpg,0.20812,0.119893,0.11459,0.108507,0.141001,0.0969187,0.0959503,0.11502
img_00533.jpg,0.187269,0.120393,0.101967,0.10903,0.098158,0.112321,0.115221,0.155642
img_07187.jpg,0.230518,0.104057,0.113353,0.105537,0.100904,0.109525,0.0968081,0.139297
img_03231.jpg,0.18966,0.133493,0.123855,0.111309,0.117368,0.106708,0.108469,0.109139
img_04415.jpg,0.242442,0.0946804,0.109894,0.116048,0.110647,0.10026,0.104327,0.121702
img_07147.jpg,0.126316,0.111525,0.102196,0.106102,0.239409,0.115786,0.106388,0.0922777
img_01371.jpg,0.239559,0.100969,0.106065,0.100218,0.106891,0.102786,0.104358,0.139153
img_05147.jpg,0.266967,0.100578,0.0973607,0.113723,0.0914885,0.109447,0.101793,0.118643
img_07050.jpg,0.221795,0.110414,0.104268,0.116713,0.1061,0.108327,0.102848,0.129535
img_02412.jpg,0.141544,0.102686,0.105815,0.106556,0.102882,0.105452,0.100772,0.234292
img_00582.jpg,0.290186,0.0955053,0.100247,0.105996,0.0994765,0.101822,0.107976,0.0987909
img_05241.jpg,0.179492,0.120126,0.10427,0.111186,0.115076,0.156456,0.10773,0.105663
img_00618.jpg,0.268868,0.107058,0.0981386,0.1051,0.106837,0.105148,0.10029,0.10856
img_04629.jpg,0.276215,0.10549,0.105104,0.0962296,0.104276,0.106272,0.0976387,0.108774
img_07561.jpg,0.313531,0.103573,0.0988164,0.102557,0.0907968,0.101198,0.0974739,0.092054
img_04145.jpg,0.196368,0.112928,0.107765,0.105079,0.121433,0.113407,0.107326,0.135695
img_04885.jpg,0.127928,0.127328,0.112532,0.126393,0.140201,0.129264,0.117631,0.118722
img_01647.jpg,0.127054,0.10408,0.102871,0.10177,0.241645,0.104117,0.0965104,0.121951
img_06137.jpg,0.0930881,0.103295,0.104876,0.0996032,0.101628,0.0999741,0.101109,0.296426
img_00857.jpg,0.255681,0.114145,0.104687,0.106143,0.117784,0.109229,0.097479,0.0948523
img_06525.jpg,0.269744,0.106373,0.10677,0.109405,0.0940667,0.0955922,0.101049,0.117001
img_00484.jpg,0.282413,0.12636,0.0967964,0.106379,0.103954,0.0953653,0.100798,0.0879336
img_06272.jpg,0.0999593,0.104644,0.102971,0.103058,0.26715,0.107613,0.10375,0.110854
img_01399.jpg,0.117111,0.24446,0.104667,0.103743,0.107196,0.101453,0.102725,0.118646
img_05580.jpg,0.110891,0.130686,0.110755,0.105525,0.109873,0.0955459,0.109334,0.227389
img_07304.jpg,0.148333,0.101192,0.112708,0.152392,0.154447,0.109996,0.105861,0.11507
img_06748.jpg,0.0957394,0.105146,0.099341,0.100594,0.101374,0.0910335,0.0975151,0.309257
img_04341.jpg,0.167777,0.0945,0.104168,0.107001,0.123337,0.0999794,0.200641,0.102597
img_04423.jpg,0.264805,0.0906643,0.101596,0.10186,0.136473,0.108062,0.10279,0.0937493
img_05673.jpg,0.311238,0.0997598,0.103605,0.096903,0.0914811,0.101882,0.0986163,0.0965147
img_00119.jpg,0.147656,0.110273,0.108629,0.111074,0.14495,0.118696,0.118764,0.139958
img_05119.jpg,0.190508,0.108735,0.105022,0.147506,0.0950757,0.144866,0.102709,0.105579
img_00518.jpg,0.285812,0.100826,0.103001,0.102197,0.112063,0.101711,0.100983,0.0934056
img_06831.jpg,0.19542,0.1162,0.103493,0.107975,0.170219,0.100625,0.103493,0.102574
img_04044.jpg,0.247416,0.101813,0.107796,0.115495,0.115811,0.0951369,0.106279,0.110253
img_05055.jpg,0.142691,0.118774,0.121722,0.103723,0.179573,0.103374,0.113252,0.116893
img_04554.jpg,0.230723,0.11463,0.103989,0.105053,0.115214,0.108249,0.109341,0.112801
img_01633.jpg,0.177954,0.138575,0.106004,0.116025,0.112671,0.150492,0.108102,0.0901763
img_00620.jpg,0.244147,0.133928,0.0982818,0.0977549,0.103932,0.0886368,0.10502,0.128299
img_02400.jpg,0.259864,0.10046,0.118127,0.103878,0.101006,0.112351,0.100445,0.103868
img_01102.jpg,0.138707,0.121466,0.10648,0.108925,0.20977,0.0997078,0.106788,0.108156
img_06559.jpg,0.134064,0.0906615,0.0981674,0.105891,0.26574,0.0967783,0.0995274,0.109171
img_03502.jpg,0.217438,0.129817,0.106739,0.104603,0.111243,0.0967271,0.0955196,0.137912
img_03252.jpg,0.273799,0.102034,0.106055,0.0994982,0.118924,0.101635,0.0957058,0.10235
img_00723.jpg,0.154114,0.0886867,0.113682,0.113814,0.195555,0.0940504,0.106245,0.133852
img_05967.jpg,0.174542,0.0940916,0.107398,0.105635,0.155414,0.11429,0.109501,0.139128
img_04478.jpg,0.251566,0.100925,0.105851,0.110259,0.115935,0.0978406,0.101166,0.116456
img_06893.jpg,0.233786,0.111932,0.112266,0.103118,0.113837,0.103753,0.0972735,0.124036
img_02811.jpg,0.255444,0.102415,0.104769,0.111308,0.10503,0.115111,0.103886,0.102036
img_04037.jpg,0.171933,0.108887,0.130648,0.108609,0.121245,0.129013,0.108336,0.121329
img_03718.jpg,0.321139,0.100632,0.0988058,0.0961887,0.0947972,0.0997789,0.0955566,0.0931021
img_02857.jpg,0.167541,0.136286,0.109585,0.102504,0.155411,0.112531,0.113474,0.102667
img_03587.jpg,0.178735,0.110447,0.106946,0.107907,0.113877,0.104712,0.125512,0.151864
img_05915.jpg,0.129958,0.110195,0.183161,0.105116,0.117561,0.0966436,0.0969072,0.160458
img_05076.jpg,0.20353,0.12443,0.109449,0.102362,0.129833,0.110404,0.108584,0.111408
img_06939.jpg,0.273813,0.109152,0.097445,0.105885,0.0918258,0.0981116,0.123008,0.100758
img_02726.jpg,0.101799,0.135527,0.104859,0.107054,0.210448,0.127942,0.11569,0.0966814
img_07436.jpg,0.244708,0.103961,0.102713,0.107933,0.0938782,0.111155,0.115475,0.120177
img_03776.jpg,0.231639,0.104442,0.103949,0.112011,0.136242,0.105933,0.100809,0.104976
img_02622.jpg,0.222599,0.103836,0.100015,0.10691,0.114522,0.113652,0.108329,0.130137
img_04003.jpg,0.279228,0.0989876,0.102839,0.110191,0.092009,0.11505,0.104753,0.0969435
img_02356.jpg,0.158639,0.110649,0.112935,0.101159,0.109995,0.108135,0.0962076,0.202281
img_01995.jpg,0.126046,0.161374,0.11904,0.116021,0.12129,0.132222,0.129891,0.0941166
img_03726.jpg,0.127111,0.135966,0.110427,0.129097,0.115886,0.109272,0.127781,0.144461
img_02299.jpg,0.287461,0.110052,0.100304,0.101381,0.0950632,0.109094,0.100698,0.095946
