image,ALB,BET,DOL,LAG,NoF,OTHER,SHARK,YFT
img_06909.jpg,0.207674,0.107445,0.0705444,0.118744,0.0594905,0.161252,0.175835,0.0990169
img_07103.jpg,0.144129,0.125818,0.0727183,0.16485,0.0832541,0.147324,0.141794,0.120113
img_04118.jpg,0.155126,0.186241,0.102277,0.116237,0.176321,0.0846871,0.104138,0.0749737
img_03043.jpg,0.0991237,0.0721421,0.0349523,0.139757,0.0335284,0.384093,0.0977952,0.138608
img_06916.jpg,0.110269,0.136704,0.121623,0.118356,0.148062,0.128106,0.127252,0.109628
img_01431.jpg,0.123886,0.126602,0.124212,0.121893,0.126361,0.123532,0.127078,0.126435
img_01058.jpg,0.0554902,0.123029,0.0557426,0.116002,0.0901994,0.389991,0.0205431,0.149003
img_01249.jpg,0.0476135,0.206031,0.0558166,0.112329,0.268761,0.180522,0.102922,0.0260046
img_07505.jpg,0.0761164,0.164575,0.102812,0.100968,0.219917,0.141383,0.128602,0.0656275
img_03223.jpg,0.129903,0.151733,0.0758447,0.137716,0.115718,0.15109,0.127562,0.110433
img_02703.jpg,0.0482989,0.251851,0.0476597,0.0745386,0.327427,0.100872,0.106816,0.0425374
img_02943.jpg,0.0948036,0.148709,0.122185,0.111585,0.182736,0.130439,0.123232,0.0863101
img_00828.jpg,0.0359473,0.191951,0.0923945,0.0816391,0.281466,0.156871,0.125595,0.0341354
img_04130.jpg,0.179943,0.160649,0.0878152,0.101504,0.129341,0.142048,0.113531,0.0851689
img_00417.jpg,0.269385,0.160381,0.0238652,0.0175704,0.483491,0.0171375,0.0168962,0.0112739
img_03670.jpg,0.122103,0.128269,0.124845,0.120708,0.126073,0.121736,0.128328,0.127938
img_00708.jpg,0.123886,0.126602,0.124212,0.121893,0.126361,0.123532,0.127078,0.126435
img_03082.jpg,0.113554,0.153446,0.0522355,0.204453,0.0509565,0.210065,0.122334,0.092956
img_05459.jpg,0.145956,0.127905,0.0912866,0.157262,0.0937203,0.147996,0.123862,0.112012
img_07120.jpg,0.0759892,0.378706,0.23952,0.0475046,0.0832523,0.0574073,0.0976236,0.0199966
img_06165.jpg,0.220168,0.224732,0.0537769,0.0787573,0.0397278,0.0980227,0.243237,0.0415784
img_06506.jpg,0.161254,0.410883,0.0870396,0.0416517,0.073846,0.0286133,0.0174813,0.179232
img_00223.jpg,0.0435893,0.192577,0.0740288,0.0897325,0.316457,0.148132,0.104122,0.0313604
img_03520.jpg,0.0270965,0.222433,0.0375773,0.0905447,0.347233,0.179512,0.0835011,0.0121023
img_05950.jpg,0.0890346,0.160606,0.122072,0.121982,0.18765,0.124364,0.109488,0.0848033
img_06547.jpg,0.0250277,0.311635,0.0994825,0.123308,0.208896,0.124873,0.072073,0.0347045
img_04726.jpg,0.00393708,0.0613814,0.0580189,0.0169365,0.728607,0.0636222,0.0663317,0.00116501
img_05292.jpg,0.123886,0.126602,0.124212,0.121893,0.126361,0.123532,0.127078,0.126435
img_01213.jpg,0.123886,0.126602,0.124212,0.121893,0.126361,0.123532,0.127078,0.126435
img_06186.jpg,0.15822,0.126371,0.0744346,0.18008,0.0768422,0.162061,0.119756,0.102236
img_00030.jpg,0.0985498,0.15561,0.0987906,0.128652,0.16353,0.149437,0.125121,0.0803102
img_06259.jpg,0.115289,0.228016,0.0492553,0.175909,0.0280941,0.198458,0.071661,0.133317
img_07054.jpg,0.0401802,0.424175,0.0949701,0.0373075,0.000783432,0.183782,0.0245353,0.194266
img_02865.jpg,6.54921e-06,0.00292066,0.0011931,0.000339927,0.978265,0.0116086,0.00566439,2.10423e-06
img_02890.jpg,0.106089,0.145995,0.108624,0.12558,0.152923,0.139876,0.126559,0.0943528
img_05210.jpg,0.0725593,0.299217,0.178519,0.0308457,0.12978,0.140525,0.0731012,0.0754524
img_05322.jpg,0.0011023,0.406462,0.0811248,0.0369618,0.110985,0.071943,0.284768,0.00665325
img_07023.jpg,0.284765,0.0668296,0.111645,0.0476505,0.0915402,0.151191,0.102221,0.144157
img_02838.jpg,0.0274683,0.213429,0.0453207,0.0825632,0.368416,0.162433,0.0859353,0.0144344
img_04233.jpg,0.0882635,0.112445,0.224529,0.15513,0.142285,0.0608763,0.0512287,0.165243
img_01689.jpg,0.193929,0.117938,0.0617101,0.046864,0.0390357,0.332731,0.0674597,0.140332
img_01632.jpg,0.0396122,0.12087,0.106413,0.122652,0.2231,0.284064,0.0646641,0.0386258
img_07594.jpg,0.254549,0.0849828,0.272995,0.070862,0.0869952,0.0436829,0.127736,0.0581969
img_07143.jpg,0.123886,0.126602,0.124212,0.121893,0.126361,0.123532,0.127078,0.126435
img_03422.jpg,0.123886,0.126602,0.124212,0.121893,0.126361,0.123532,0.127078,0.126435
img_00599.jpg,0.0691077,0.172693,0.133947,0.123637,0.233942,0.108228,0.0857712,0.0726745
img_02188.jpg,0.123886,0.126602,0.124212,0.121893,0.126361,0.123532,0.127078,0.126435
img_01552.jpg,0.163269,0.15172,0.135716,0.121511,0.149758,0.0943409,0.102842,0.0808437
img_03628.jpg,0.388239,0.0293932,0.335153,0.0160631,0.11136,0.0462657,0.020829,0.0526973
img_05026.jpg,0.123886,0.126602,0.124212,0.121893,0.126361,0.123532,0.127078,0.126435
img_01490.jpg,0.388876,0.0753053,0.00319431,0.00228987,0.465099,0.0185596,0.0288879,0.017788
img_01211.jpg,0.185986,0.10687,0.0674841,0.124519,0.108348,0.111877,0.118372,0.176544
img_04422.jpg,0.423663,0.00886614,0.00180975,0.0177141,0.0453757,0.154364,0.312322,0.0358851
img_06845.jpg,0.123886,0.126602,0.124212,0.121893,0.126361,0.123532,0.127078,0.126435
img_03805.jpg,0.166209,0.12452,0.0666129,0.19374,0.0681237,0.169122,0.116092,0.0955796
img_00914.jpg,0.17342,0.0859166,0.253953,0.0323374,0.126913,0.20773,0.0675102,0.0522192
img_04879.jpg,0.114359,0.116494,0.15194,0.114256,0.144505,0.110686,0.116298,0.131461
img_00432.jpg,0.110764,0.138907,0.12428,0.12272,0.146827,0.124808,0.121434,0.110259
img_00007.jpg,0.125223,0.129446,0.128699,0.12945,0.123657,0.117946,0.117377,0.128201
img_00133.jpg,0.123886,0.126602,0.124212,0.121893,0.126361,0.123532,0.127078,0.126435
img_02808.jpg,0.101973,0.146863,0.120156,0.120174,0.109114,0.135594,0.141943,0.124182
img_05864.jpg,0.0162292,0.0648089,0.217138,0.0656787,0.430465,0.008941,0.124669,0.0720698
img_07191.jpg,0.0622921,0.196219,0.0763982,0.118935,0.256877,0.168201,0.0958363,0.0252414
img_00865.jpg,0.123886,0.126602,0.124212,0.121893,0.126361,0.123532,0.127078,0.126435
img_03228.jpg,0.034606,0.186428,0.078818,0.0719999,0.373387,0.12852,0.0979556,0.0282856
img_00125.jpg,0.140411,0.12804,0.0992287,0.147772,0.101633,0.141758,0.125149,0.116009
img_02522.jpg,0.124548,0.128692,0.119357,0.125701,0.125083,0.127516,0.127053,0.122051
img_06332.jpg,0.16997,0.123041,0.0591231,0.205029,0.0613939,0.175971,0.113955,0.0915179
img_03135.jpg,0.0379774,0.200142,0.0900724,0.0878672,0.353592,0.11675,0.0822692,0.03133
img_01847.jpg,0.123376,0.149471,0.169883,0.136379,0.146232,0.0927162,0.0944707,0.087473
img_06851.jpg,0.00730138,0.167317,0.033988,0.0291423,0.622277,0.0851913,0.0498949,0.00488785
img_06144.jpg,0.123486,0.108834,0.131499,0.131192,0.120452,0.154654,0.100973,0.128911
img_02379.jpg,0.370639,0.0175537,0.392125,0.0106932,0.103958,0.0427664,0.0123764,0.0498875
img_05038.jpg,0.123886,0.126602,0.124212,0.121893,0.126361,0.123532,0.127078,0.126435
img_02487.jpg,0.141585,0.128906,0.103453,0.13946,0.108002,0.139672,0.124711,0.114212
img_04559.jpg,0.169597,0.289079,0.0510963,0.124103,0.0720881,0.1343,0.0891716,0.0705651
img_06103.jpg,0.0470217,0.213731,0.0972086,0.0945723,0.193385,0.156855,0.140496,0.0567309
img_04752.jpg,0.101316,0.156288,0.0939811,0.134423,0.156141,0.154343,0.124804,0.0787049
img_03452.jpg,0.00888652,0.0314683,0.0423784,0.0790394,0.0912072,0.550576,0.152341,0.0441026
img_01571.jpg,0.0528139,0.165072,0.0684137,0.23074,0.101485,0.166158,0.0783465,0.136971
img_03924.jpg,0.0196898,0.270076,0.0386635,0.061629,0.369103,0.114648,0.114986,0.0112043
img_01688.jpg,0.112781,0.158852,0.195305,0.162327,0.15068,0.0805122,0.059439,0.0801036
img_01824.jpg,0.0318487,0.190256,0.067898,0.065154,0.384609,0.134618,0.10268,0.0229364
img_00598.jpg,0.0465646,0.180919,0.0902644,0.0835916,0.317661,0.133512,0.107837,0.0396518
img_07146.jpg,0.0236923,0.0509291,0.122702,0.0378066,0.587241,0.144036,0.0285487,0.00504388
img_04719.jpg,0.127765,0.136207,0.140331,0.150802,0.115675,0.103274,0.0940348,0.131911
img_03871.jpg,0.388146,0.0618278,0.159797,0.0508644,0.15977,0.0508343,0.0365319,0.0922279
img_00442.jpg,0.259778,0.0901859,0.0229354,0.0911146,0.00829309,0.255262,0.199927,0.0725041
img_00760.jpg,0.135306,0.127882,0.10673,0.139419,0.109083,0.136072,0.126043,0.119465
img_02096.jpg,0.0357755,0.186341,0.087563,0.0740299,0.359075,0.124893,0.103069,0.029254
img_04532.jpg,0.0605314,0.160277,0.127571,0.0826816,0.336983,0.113191,0.0917654,0.0269991
img_03310.jpg,0.123886,0.126602,0.124212,0.121893,0.126361,0.123532,0.127078,0.126435
img_03581.jpg,0.0623804,0.17008,0.113337,0.0918996,0.276924,0.128951,0.10875,0.0476782
img_03064.jpg,0.12506,0.12457,0.126215,0.123976,0.128058,0.122282,0.125395,0.124445
img_04795.jpg,0.0503421,0.195975,0.103427,0.103265,0.29765,0.118611,0.0872647,0.0434643
img_06371.jpg,0.284369,0.112658,0.0348092,0.113191,0.0321946,0.187625,0.158549,0.0766032
img_06469.jpg,0.14788,0.120821,0.107256,0.115269,0.10247,0.134738,0.149824,0.121742
img_04405.jpg,0.123886,0.126602,0.124212,0.121893,0.126361,0.123532,0.127078,0.126435
img_02235.jpg,0.0693041,0.173148,0.122122,0.112594,0.268227,0.111531,0.088934,0.0541398
img_02904.jpg,0.0465846,0.189827,0.0782142,0.0948639,0.298785,0.151726,0.105343,0.0346565
img_01328.jpg,0.106312,0.142533,0.121119,0.120658,0.112625,0.133123,0.13885,0.12478
img_06962.jpg,0.0578008,0.174355,0.0988847,0.0925861,0.275058,0.135663,0.114714,0.0509383
img_07583.jpg,0.211428,0.0246293,0.0438264,0.176804,0.420165,0.0606001,0.0531169,0.00943077
img_04076.jpg,0.153348,0.164727,0.100709,0.131012,0.143321,0.105173,0.112959,0.0887503
img_02789.jpg,0.0715328,0.185631,0.124593,0.15706,0.180281,0.114177,0.0716416,0.095084
img_05572.jpg,0.125421,0.141633,0.0999516,0.104757,0.163308,0.114565,0.121743,0.128622
img_06642.jpg,0.0585375,0.180025,0.0963833,0.094339,0.27118,0.136736,0.114025,0.0487738
img_00999.jpg,0.041126,0.251577,0.113341,0.116787,0.317788,0.0780055,0.045438,0.0359374
img_01685.jpg,0.0456455,0.181395,0.0894739,0.0827784,0.321551,0.133233,0.107173,0.0387504
img_06268.jpg,0.063387,0.142255,0.218973,0.0646615,0.349812,0.0829717,0.0615613,0.0163784
img_02646.jpg,0.138496,0.117696,0.134932,0.107522,0.12651,0.124275,0.121852,0.128717
img_01519.jpg,0.11183,0.135542,0.121976,0.118817,0.145408,0.127619,0.127288,0.111521
img_01649.jpg,0.123886,0.126602,0.124212,0.121893,0.126361,0.123532,0.127078,0.126435
img_04250.jpg,0.119774,0.127961,0.124503,0.120717,0.136405,0.125593,0.126547,0.118501
img_02648.jpg,0.0159363,0.541095,0.00693449,0.0370796,0.00101207,0.270078,0.093376,0.0344889
img_07757.jpg,0.135137,0.127872,0.106982,0.139148,0.109333,0.135885,0.126068,0.119575
img_03475.jpg,0.338093,0.14407,0.142072,0.00986904,0.325657,0.0152699,0.0106293,0.0143398
img_06424.jpg,0.0742747,0.192546,0.125675,0.145083,0.210854,0.108252,0.0769849,0.0663303
img_06010.jpg,0.115266,0.154708,0.149958,0.171674,0.125676,0.092213,0.0735685,0.116937
img_02625.jpg,0.0641018,0.100018,0.19816,0.090913,0.185118,0.0898898,0.103333,0.168466
img_04671.jpg,0.107791,0.161617,0.147903,0.168195,0.138082,0.094589,0.0741363,0.107686
img_05021.jpg,0.123886,0.126602,0.124212,0.121893,0.126361,0.123532,0.127078,0.126435
img_04511.jpg,0.123886,0.126602,0.124212,0.121893,0.126361,0.123532,0.127078,0.126435
img_03222.jpg,0.148543,0.129468,0.0834266,0.166575,0.0887219,0.155573,0.122491,0.105201
img_04603.jpg,0.162562,0.347955,0.053891,0.0826147,0.236555,0.0344981,0.0607723,0.021152
img_04888.jpg,0.116658,0.116262,0.0804336,0.0393142,0.439053,0.0730658,0.0892003,0.0460136
img_07375.jpg,0.123886,0.126602,0.124212,0.121893,0.126361,0.123532,0.127078,0.126435
img_06038.jpg,0.507681,0.0517649,0.0151276,0.122793,0.00497009,0.13141,0.0834687,0.0827857
img_00664.jpg,0.0739403,0.16344,0.108498,0.102967,0.226069,0.135714,0.121404,0.0679671
img_01684.jpg,0.123886,0.126602,0.124212,0.121893,0.126361,0.123532,0.127078,0.126435
img_06732.jpg,0.0646937,0.187939,0.0733789,0.119393,0.229127,0.169035,0.114112,0.0423215
img_06426.jpg,0.0954655,0.126037,0.028381,0.379738,0.0283052,0.20698,0.0608443,0.0742488
img_05721.jpg,0.154392,0.448198,0.0537488,0.2133,0.0371826,0.0630774,0.00578979,0.0243115
img_04991.jpg,0.0236547,0.10498,0.186006,0.0649883,0.449932,0.0586801,0.0494703,0.0622887
img_05587.jpg,0.0753256,0.172255,0.0918316,0.115577,0.213405,0.152406,0.120239,0.058961
img_07173.jpg,0.416271,0.135771,0.0486345,0.0144049,0.345892,0.0151597,0.0121715,0.0116956
img_04959.jpg,0.0828186,0.166459,0.101082,0.0948245,0.189815,0.146777,0.129885,0.0883379
img_05520.jpg,0.0349169,0.0449766,0.301054,0.0621447,0.315369,0.041644,0.0502191,0.149676
img_02367.jpg,0.185531,0.111291,0.0717889,0.115552,0.0667236,0.159316,0.179891,0.109906
img_06685.jpg,0.0485633,0.247905,0.0954904,0.0732749,0.280765,0.13312,0.0951833,0.0256978
img_02636.jpg,0.172226,0.176515,0.201483,0.128183,0.0954759,0.0895297,0.0496566,0.0869311
img_04271.jpg,0.123886,0.126602,0.124212,0.121893,0.126361,0.123532,0.127078,0.126435
img_06508.jpg,0.0262855,0.18733,0.0687442,0.062008,0.425125,0.121771,0.0881199,0.0206159
img_04503.jpg,0.0588483,0.136798,0.171823,0.101636,0.114307,0.133,0.176688,0.1069
img_03941.jpg,0.0777882,0.164303,0.103928,0.109234,0.213347,0.141207,0.122103,0.0680901
img_07833.jpg,0.162448,0.125404,0.0688371,0.188651,0.0712079,0.16701,0.117899,0.0985437
img_02799.jpg,0.154907,0.102002,0.123047,0.107697,0.11005,0.171134,0.142335,0.0888285
img_05433.jpg,0.0956321,0.137024,0.111446,0.127775,0.133234,0.139985,0.114023,0.140881
img_05440.jpg,0.12697,0.151419,0.0722177,0.105672,0.0870721,0.251465,0.15599,0.0491944
img_07508.jpg,0.146113,0.14162,0.0864725,0.23117,0.0722115,0.130973,0.0782574,0.113182
img_03195.jpg,0.123081,0.127197,0.124089,0.121714,0.127558,0.123821,0.127118,0.125423
img_07005.jpg,0.123905,0.126606,0.124182,0.121921,0.126332,0.123552,0.127078,0.126425
img_05489.jpg,0.134097,0.122849,0.134753,0.150144,0.123064,0.111983,0.104268,0.118843
img_03426.jpg,0.0454854,0.181477,0.0893347,0.0826354,0.322236,0.133183,0.107055,0.0385938
img_03760.jpg,0.12393,0.0931884,0.340286,0.10269,0.170808,0.0425486,0.0786595,0.0478892
img_04856.jpg,0.0309683,0.195622,0.0649765,0.0738368,0.382073,0.137941,0.0927754,0.0218062
img_02209.jpg,0.0871042,0.126418,0.158123,0.123337,0.202622,0.113554,0.10826,0.0805818
img_00071.jpg,0.123886,0.126602,0.124212,0.121893,0.126361,0.123532,0.127078,0.126435
img_00726.jpg,0.0515437,0.155653,0.0827382,0.136155,0.141557,0.176943,0.0853478,0.170062
img_01888.jpg,0.0569983,0.174176,0.115889,0.093298,0.302112,0.120872,0.0960001,0.0406549
img_03547.jpg,0.123886,0.126602,0.124212,0.121893,0.126361,0.123532,0.127078,0.126435
img_05426.jpg,0.145444,0.127931,0.0920107,0.156367,0.0944428,0.147417,0.123995,0.112392
img_07717.jpg,0.0995782,0.144669,0.118776,0.114793,0.16756,0.131147,0.126584,0.0968933
img_03490.jpg,0.0463774,0.100809,0.0601882,0.104163,0.111384,0.193854,0.185605,0.197619
img_00005.jpg,0.032706,0.186515,0.0766229,0.0697865,0.385195,0.127027,0.09571,0.0264386
img_01657.jpg,0.341288,0.143189,0.0174848,0.0398602,0.222601,0.12247,0.0357377,0.0773692
img_00974.jpg,0.154037,0.127097,0.0800766,0.171982,0.0825067,0.157218,0.121362,0.105721
img_05264.jpg,0.0888616,0.425463,0.00975877,0.00921324,0.0371951,0.170029,0.112465,0.147015
img_06324.jpg,0.123886,0.126602,0.124212,0.121893,0.126361,0.123532,0.127078,0.126435
img_00808.jpg,0.154157,0.127079,0.079913,0.17221,0.0823427,0.157357,0.121319,0.105623
img_01090.jpg,0.00722319,0.255008,0.0492272,0.0596732,0.405983,0.123407,0.0845074,0.0149714
img_02739.jpg,0.175371,0.0715745,0.0730442,0.0486653,0.164431,0.149294,0.048617,0.269003
img_02146.jpg,0.0201063,0.258604,0.0421969,0.0784026,0.309394,0.180877,0.0971481,0.0132708
img_04285.jpg,0.123886,0.126602,0.124212,0.121893,0.126361,0.123532,0.127078,0.126435
img_00646.jpg,0.255235,0.108709,0.01568,0.0804976,0.0396769,0.191731,0.223887,0.0845836
img_00289.jpg,0.122438,0.150357,0.116641,0.115341,0.160035,0.117968,0.121232,0.095988
img_03181.jpg,0.0713717,0.183485,0.110461,0.114078,0.0828033,0.154304,0.166364,0.117133
img_00164.jpg,0.0567276,0.0897261,0.0353255,0.150689,0.0618517,0.247299,0.176697,0.181684
img_06986.jpg,0.149764,0.127618,0.0859517,0.164058,0.0883904,0.152321,0.122779,0.109118
img_03602.jpg,0.0274741,0.0789173,0.201005,0.0579021,0.42603,0.0616835,0.0632812,0.0837068
img_02702.jpg,0.103937,0.16701,0.0991906,0.166561,0.0990369,0.142623,0.16635,0.0552912
img_01955.jpg,0.411133,0.069588,0.14857,0.0367132,0.179592,0.050277,0.0356327,0.0684946
img_05222.jpg,0.279314,0.228025,0.0367285,0.0903391,0.185137,0.0503488,0.0727741,0.0573342
img_03410.jpg,0.392506,0.173913,0.263557,0.11446,0.0283488,0.00477761,0.0101564,0.0122813
img_04921.jpg,0.123886,0.126602,0.124212,0.121893,0.126361,0.123532,0.127078,0.126435
img_06321.jpg,0.0462066,0.181105,0.0899581,0.0832763,0.319168,0.133405,0.10758,0.0393002
img_06440.jpg,0.0749573,0.0578302,0.243215,0.101876,0.25566,0.059188,0.0668554,0.140418
img_02949.jpg,0.0354765,0.266637,0.052771,0.102552,0.23828,0.180556,0.097346,0.0263818
img_03945.jpg,0.0997722,0.126224,0.134902,0.130942,0.207103,0.118567,0.108471,0.0740182
img_04015.jpg,0.123886,0.126602,0.124212,0.121893,0.126361,0.123532,0.127078,0.126435
img_02766.jpg,0.177078,0.134044,0.106319,0.159498,0.0989077,0.129523,0.10799,0.0866403
img_01142.jpg,0.03812,0.218284,0.0469863,0.106878,0.290792,0.185853,0.0941832,0.0189034
img_04410.jpg,0.17286,0.121887,0.0554666,0.21178,0.0576872,0.179477,0.112196,0.0886459
img_01379.jpg,0.0440032,0.183731,0.114359,0.0805438,0.360812,0.109662,0.0798815,0.0270073
img_01366.jpg,0.0888257,0.161854,0.079602,0.130943,0.189625,0.179427,0.107313,0.0624095
img_05828.jpg,0.296117,0.0980658,0.131392,0.116227,0.0600329,0.109131,0.116947,0.0720866
img_02082.jpg,0.0728256,0.201518,0.13315,0.164182,0.201145,0.0964347,0.0624878,0.0682563
img_05492.jpg,0.192972,0.323392,0.0677949,0.0304028,0.26647,0.0445744,0.0163665,0.0580283
img_00493.jpg,0.052884,0.201641,0.0756019,0.113833,0.269685,0.152752,0.0981486,0.0354542
img_04129.jpg,0.123886,0.126602,0.124212,0.121893,0.126361,0.123532,0.127078,0.126435
img_03210.jpg,0.334117,0.0601003,0.041888,0.124829,0.00405828,0.226697,0.180098,0.028213
img_04640.jpg,0.042353,0.182832,0.0871131,0.0795223,0.337296,0.131575,0.10412,0.0351891
img_04712.jpg,0.30193,0.0974932,0.132867,0.0405854,0.216028,0.0782064,0.0479658,0.0849238
img_02372.jpg,0.135278,0.137065,0.0751098,0.0967198,0.111015,0.170271,0.194535,0.0800075
img_02749.jpg,0.0548762,0.174554,0.106184,0.087049,0.300678,0.128865,0.105949,0.041846
img_01022.jpg,0.0429886,0.182705,0.0871065,0.0803536,0.333205,0.132323,0.105154,0.036164
img_00285.jpg,0.231335,0.127049,0.187592,0.0970961,0.118057,0.072679,0.107432,0.0587598
img_06922.jpg,0.0239442,0.187161,0.065543,0.058884,0.441667,0.119333,0.0849226,0.0185458
img_02540.jpg,0.0813948,0.165466,0.117865,0.116496,0.205632,0.126868,0.11008,0.0761985
img_01831.jpg,0.0375223,0.183202,0.0866875,0.07305,0.369628,0.125481,0.0960878,0.0283416
img_00575.jpg,0.0338837,0.186207,0.0779444,0.0711043,0.378585,0.127803,0.0969431,0.0275285
img_04247.jpg,0.0516348,0.177746,0.0963886,0.0871079,0.300963,0.133272,0.109567,0.0433209
img_02666.jpg,0.0977113,0.152025,0.103349,0.141569,0.139553,0.144422,0.138825,0.0825466
img_06285.jpg,0.122109,0.00418291,0.769898,0.0128076,0.0374804,0.00304223,0.0422081,0.00827195
img_00172.jpg,0.0316912,0.191701,0.0773838,0.0639614,0.393954,0.122642,0.0936115,0.0250549
img_07590.jpg,0.175319,0.120785,0.052387,0.217758,0.0545596,0.182491,0.110581,0.0861196
img_06975.jpg,0.123886,0.126602,0.124212,0.121893,0.126361,0.123532,0.127078,0.126435
img_05568.jpg,0.0594305,0.173315,0.0999909,0.0937592,0.269537,0.13581,0.115543,0.052615
img_05595.jpg,0.0850975,0.155384,0.113629,0.108735,0.198239,0.134284,0.124356,0.080276
img_05087.jpg,0.0582273,0.16904,0.125907,0.083966,0.311312,0.118984,0.0965428,0.0360215
img_00590.jpg,0.0245794,0.236523,0.0872101,0.0954663,0.408517,0.0839078,0.0445595,0.0192368
img_04507.jpg,0.267306,0.0115295,0.500589,0.0075234,0.0930814,0.0111689,0.0622279,0.0465741
img_00180.jpg,0.104325,0.273775,0.254506,0.0771507,0.117029,0.048117,0.0606951,0.0644024
img_02889.jpg,0.120785,0.15438,0.0672921,0.174266,0.110165,0.183432,0.119932,0.0697484
img_04263.jpg,0.087288,0.0857111,0.392015,0.0324872,0.259799,0.1206,0.0110874,0.0110127
img_05276.jpg,0.000722181,0.554627,0.0115282,0.00890401,0.233666,0.150074,0.039624,0.000854903
img_07818.jpg,0.19163,0.134053,0.0910832,0.0814646,0.109062,0.111873,0.1617,0.119134
img_04476.jpg,0.103067,0.115944,0.143275,0.139675,0.216721,0.111947,0.101038,0.0683327
img_00282.jpg,0.0890987,0.172431,0.076517,0.141316,0.168762,0.17348,0.120395,0.0580003
img_02687.jpg,0.334013,0.098943,0.244192,0.0796826,0.127731,0.043191,0.0386305,0.0336179
img_02920.jpg,0.123886,0.126602,0.124212,0.121893,0.126361,0.123532,0.127078,0.126435
img_02172.jpg,0.0274225,0.240984,0.0528244,0.087113,0.346736,0.126989,0.091527,0.0264035
img_07348.jpg,0.125402,0.152147,0.0158468,0.0873843,0.213714,0.0895436,0.0411372,0.274825
img_01803.jpg,0.2814,0.145235,0.15557,0.0456692,0.0971196,0.0600267,0.145937,0.0690419
img_01222.jpg,0.192419,0.115127,0.0509166,0.182723,0.0505825,0.185042,0.134105,0.0890848
img_06302.jpg,0.063154,0.170824,0.103119,0.096075,0.258594,0.135564,0.116757,0.0559124
img_07893.jpg,0.11573,0.147246,0.0837206,0.0994938,0.138499,0.163899,0.174935,0.0764765
img_05015.jpg,0.127974,0.127203,0.117839,0.127995,0.120076,0.127994,0.126858,0.124061
img_07224.jpg,0.137413,0.116406,0.152276,0.126239,0.133495,0.111935,0.113316,0.10892
img_07352.jpg,0.123886,0.126602,0.124212,0.121893,0.126361,0.123532,0.127078,0.126435
img_01640.jpg,0.027201,0.160451,0.0641996,0.1479,0.135329,0.156676,0.0708301,0.237414
img_05908.jpg,0.103149,0.149891,0.127376,0.128839,0.158973,0.120555,0.109995,0.101222
img_04013.jpg,0.135507,0.12235,0.149096,0.119534,0.128595,0.114704,0.117184,0.11303
img_01224.jpg,0.211042,0.208224,0.0404208,0.113796,0.0489348,0.0784203,0.112718,0.186444
img_07419.jpg,0.277797,0.257158,0.0186965,0.0617241,0.0459591,0.198013,0.0701657,0.0704865
img_07160.jpg,0.0973899,0.173824,0.148025,0.170684,0.153375,0.0927221,0.0685767,0.095404
img_03444.jpg,0.0431752,0.296951,0.0792602,0.0781755,0.322586,0.0974733,0.0603108,0.0220678
img_05722.jpg,0.104678,0.133588,0.115861,0.125943,0.131061,0.134344,0.118538,0.135987
img_03943.jpg,0.35269,0.101461,0.112908,0.0360166,0.221443,0.0706726,0.0351794,0.0696288
img_05640.jpg,0.229359,0.0998124,0.0403951,0.138036,0.0369383,0.192048,0.178186,0.0852248
img_06959.jpg,0.235149,0.0941761,0.0423128,0.108775,0.0370111,0.182693,0.210246,0.0896381
img_07628.jpg,0.267168,0.100042,0.0272124,0.167579,0.0943587,0.0508924,0.176221,0.116527
img_05293.jpg,0.154747,0.120092,0.199911,0.125904,0.125621,0.0914783,0.0879187,0.0943283
img_05475.jpg,0.123886,0.126602,0.124212,0.121893,0.126361,0.123532,0.127078,0.126435
img_00473.jpg,0.29003,0.0359743,0.153175,0.0192987,0.254908,0.0923994,0.0213165,0.132899
img_02974.jpg,0.118823,0.128485,0.129696,0.123191,0.129872,0.12516,0.119288,0.125486
img_02077.jpg,0.11263,0.134947,0.122152,0.119047,0.144063,0.127365,0.127301,0.112495
img_06832.jpg,0.090212,0.183507,0.0646987,0.0617791,0.243418,0.179057,0.148311,0.0290171
img_06690.jpg,0.0269392,0.593501,0.00289396,0.00514615,0.249714,0.0659766,0.028832,0.0269965
img_01426.jpg,0.0331841,0.0746477,0.109664,0.165061,0.272031,0.27589,0.0611221,0.00840141
img_07051.jpg,0.0182244,0.0221758,0.0274515,0.0254271,0.0704303,0.777595,0.0404123,0.0182836
img_07318.jpg,0.120121,0.0821887,0.0624687,0.0609809,0.114627,0.226441,0.134556,0.198617
img_00027.jpg,0.123886,0.126602,0.124212,0.121893,0.126361,0.123532,0.127078,0.126435
img_06616.jpg,0.0211735,0.186519,0.061482,0.0549497,0.462978,0.115988,0.0807741,0.0161362
img_07319.jpg,0.154163,0.132638,0.0923666,0.0955714,0.112055,0.159395,0.182019,0.0717901
img_02416.jpg,0.0412106,0.456432,0.0562759,0.0779732,0.163061,0.0833974,0.0542278,0.0674226
img_02734.jpg,0.123886,0.126602,0.124212,0.121893,0.126361,0.123532,0.127078,0.126435
img_03563.jpg,0.188498,0.11249,0.0362399,0.254867,0.038067,0.199304,0.0995925,0.070941
img_02422.jpg,0.0978587,0.171241,0.145078,0.16412,0.155742,0.0966615,0.0735368,0.095763
img_07156.jpg,0.142974,0.128018,0.095531,0.152103,0.0979522,0.144633,0.124596,0.114193
img_05439.jpg,0.123886,0.126602,0.124212,0.121893,0.126361,0.123532,0.127078,0.126435
img_06571.jpg,0.103267,0.147248,0.109573,0.123302,0.158329,0.139148,0.126442,0.0926905
img_01825.jpg,0.0334695,0.251486,0.0506694,0.133655,0.206858,0.150303,0.0516105,0.121949
img_05754.jpg,0.123886,0.126602,0.124212,0.121893,0.126361,0.123532,0.127078,0.126435
img_02347.jpg,0.154497,0.127028,0.079451,0.172855,0.0818794,0.157748,0.121196,0.105346
img_06311.jpg,0.0920302,0.157489,0.117607,0.118753,0.100874,0.141419,0.149347,0.122481
img_01593.jpg,0.0340538,0.203838,0.0863858,0.0844851,0.372826,0.113351,0.077335,0.0277249
img_02291.jpg,0.0993247,0.14853,0.121202,0.109594,0.170588,0.12927,0.126165,0.0953255
img_03229.jpg,0.051792,0.19635,0.090811,0.0703231,0.317687,0.119799,0.106099,0.0471386
img_00311.jpg,0.0602432,0.140121,0.0956531,0.0984376,0.144313,0.194757,0.0750345,0.191441
img_05251.jpg,0.097616,0.146129,0.11817,0.114059,0.171408,0.131644,0.126376,0.0945992
img_02119.jpg,0.0410624,0.183585,0.08531,0.0785236,0.34206,0.13156,0.103592,0.0343072
img_01856.jpg,0.146654,0.240781,0.106201,0.111089,0.266113,0.0348093,0.0572584,0.0370934
img_02769.jpg,0.142571,0.124877,0.0320798,0.182107,0.0454181,0.13436,0.190981,0.147607
img_05539.jpg,0.105934,0.149472,0.101907,0.130702,0.151111,0.146226,0.126016,0.0886307
img_05548.jpg,0.123886,0.126602,0.124212,0.121893,0.126361,0.123532,0.127078,0.126435
img_03674.jpg,0.0819938,0.190499,0.039997,0.184046,0.134463,0.231949,0.105677,0.0313752
img_04740.jpg,0.0648191,0.179475,0.109985,0.10811,0.250324,0.12635,0.102658,0.0582772
img_06373.jpg,0.00731934,0.590661,0.0520085,0.0869549,0.0110859,0.122063,0.0762453,0.0536629
img_02124.jpg,0.14627,0.0937074,0.181847,0.145915,0.153016,0.0957401,0.0939518,0.0895525
img_05084.jpg,0.0527488,0.177454,0.0952343,0.0887471,0.293164,0.13496,0.111887,0.0458037
img_06521.jpg,0.0428601,0.182765,0.0869889,0.0802335,0.333785,0.132275,0.105052,0.0360397
img_04237.jpg,0.109699,0.0907967,0.00276621,0.0797183,0.0227692,0.0711395,0.034701,0.58841
img_00894.jpg,0.024751,0.420373,0.0505965,0.0643539,0.0271975,0.200567,0.174666,0.0374956
img_00292.jpg,0.13149,0.154353,0.149046,0.0947175,0.155102,0.0966317,0.102524,0.116136
img_07448.jpg,0.0968924,0.176925,0.0527528,0.17807,0.129986,0.20889,0.112374,0.0441094
img_03527.jpg,0.134391,0.322063,0.0260676,0.0402756,0.361007,0.0265989,0.0519553,0.0376419
img_03801.jpg,0.114337,0.107465,0.109224,0.0399919,0.33331,0.148083,0.0710422,0.0765464
img_06673.jpg,0.0327803,0.195374,0.0574847,0.105433,0.210524,0.218282,0.0945221,0.0855994
img_07428.jpg,0.100355,0.14409,0.119009,0.115077,0.16606,0.130945,0.126658,0.0978055
img_04750.jpg,0.121725,0.140625,0.133567,0.103804,0.137551,0.118478,0.126195,0.118053
img_05948.jpg,0.0223474,0.186857,0.0632413,0.0566502,0.453697,0.117472,0.0825839,0.0171516
img_00152.jpg,0.0994121,0.271443,0.100771,0.0916162,0.0875769,0.0817532,0.0542134,0.213215
img_00654.jpg,0.161288,0.125693,0.0703616,0.18626,0.0727438,0.165647,0.118433,0.0995734
img_03074.jpg,0.140385,0.12804,0.0992667,0.147729,0.101671,0.141728,0.125155,0.116027
img_05156.jpg,0.0878315,0.153376,0.114724,0.109995,0.192018,0.133792,0.124905,0.083358
img_05682.jpg,0.144683,0.146517,0.136067,0.0874012,0.143195,0.107382,0.12281,0.111944
img_00046.jpg,0.0701634,0.188349,0.129861,0.0894865,0.15264,0.0909977,0.153788,0.124714
img_01745.jpg,0.0606896,0.208116,0.0399552,0.161452,0.181182,0.220353,0.103741,0.0245116
img_03488.jpg,0.142368,0.128029,0.0964007,0.151071,0.0988184,0.143952,0.124733,0.114627
img_05438.jpg,0.123886,0.126602,0.124212,0.121893,0.126361,0.123532,0.127078,0.126435
img_03087.jpg,0.0898495,0.151543,0.115787,0.109656,0.189836,0.133764,0.124446,0.0851186
img_02285.jpg,0.0553876,0.18411,0.102188,0.098803,0.28206,0.127592,0.101358,0.0485014
img_06237.jpg,0.0980084,0.176235,0.0518239,0.180438,0.126928,0.210348,0.112135,0.0440833
img_00446.jpg,0.210372,0.109827,0.05134,0.13033,0.0492525,0.17876,0.174844,0.0952735
img_05445.jpg,0.1224,0.132287,0.127865,0.107506,0.13084,0.142847,0.104814,0.131441
img_04830.jpg,0.0669821,0.181567,0.111179,0.113998,0.242023,0.125263,0.0994173,0.0595696
img_06807.jpg,0.0124762,0.204851,0.0503146,0.0635346,0.373883,0.192298,0.0618679,0.0407743
img_06294.jpg,0.371015,0.107035,0.0771098,0.118434,0.0806595,0.140942,0.0948411,0.00996392
img_06798.jpg,0.125173,0.143655,0.0873222,0.153766,0.116253,0.158423,0.124492,0.0909158
img_01188.jpg,0.0647959,0.153206,0.0908327,0.0657015,0.409777,0.130034,0.0604993,0.0251541
img_05857.jpg,0.152136,0.127355,0.0826757,0.168416,0.0851115,0.155034,0.122019,0.107252
img_04419.jpg,0.123886,0.126602,0.124212,0.121893,0.126361,0.123532,0.127078,0.126435
img_05284.jpg,0.124378,0.0212882,0.00328504,0.0661645,0.0255252,0.120928,0.610845,0.0275863
img_07278.jpg,0.0834107,0.146286,0.0851842,0.151874,0.117371,0.170658,0.1018,0.143415
img_00587.jpg,0.130141,0.115564,0.135267,0.133432,0.135614,0.116542,0.117827,0.115613
img_07543.jpg,0.124674,0.107318,0.104338,0.162974,0.112039,0.13998,0.124214,0.124462
img_03238.jpg,0.0579153,0.19703,0.126496,0.116505,0.277837,0.105366,0.0740345,0.0448167
img_04257.jpg,0.118796,0.113651,0.0409789,0.211117,0.0415582,0.227268,0.142423,0.104207
img_05735.jpg,0.0505282,0.222624,0.124861,0.1393,0.275013,0.0902572,0.0544564,0.0429592
img_01996.jpg,0.124278,0.127239,0.124003,0.121895,0.126919,0.123064,0.126858,0.125745
img_05074.jpg,0.0206956,0.412871,0.0790431,0.0804129,0.105475,0.150839,0.13934,0.011323
img_04642.jpg,0.143526,0.131763,0.106905,0.1518,0.104337,0.135915,0.120584,0.10517
img_07659.jpg,0.0748192,0.162816,0.108943,0.10346,0.223721,0.135638,0.121681,0.068921
img_04138.jpg,0.0332449,0.127106,0.0927735,0.0933005,0.388263,0.125009,0.100382,0.0399214
img_07467.jpg,0.102082,0.154559,0.137022,0.108997,0.125949,0.099505,0.110874,0.161013
img_05794.jpg,0.123886,0.126602,0.124212,0.121893,0.126361,0.123532,0.127078,0.126435
img_06637.jpg,0.0563571,0.229291,0.0681747,0.146631,0.192635,0.172217,0.0976544,0.03704
img_07746.jpg,0.125969,0.128802,0.117333,0.127742,0.12285,0.128938,0.126947,0.121416
img_07616.jpg,0.0258414,0.306865,0.0371391,0.228149,0.12252,0.184647,0.0780461,0.0167916
img_00584.jpg,0.039651,0.219722,0.051994,0.0639865,0.196872,0.209982,0.191718,0.0260747
img_01782.jpg,0.00986624,0.264303,0.0391843,0.0180383,0.511515,0.116794,0.0353671,0.00493158
img_03809.jpg,0.411716,0.0142809,0.0377012,0.172733,0.157231,0.0386899,0.159197,0.00845054
img_06800.jpg,0.104984,0.171802,0.0527423,0.182334,0.117486,0.207629,0.11402,0.049003
img_03254.jpg,0.0160603,0.0319194,0.311749,0.0380589,0.425972,0.0268922,0.0329337,0.116415
img_04073.jpg,0.149596,0.115763,0.184804,0.115177,0.129765,0.103256,0.104584,0.0970537
img_00730.jpg,0.0884718,0.13138,0.130654,0.125929,0.235131,0.11938,0.105699,0.0633547
img_07553.jpg,0.150831,0.129031,0.091093,0.156941,0.086747,0.151472,0.127093,0.106793
img_00550.jpg,0.111268,0.13596,0.121851,0.118653,0.146356,0.127795,0.127277,0.110839
img_05692.jpg,0.0199354,0.0967039,0.0153317,0.0700584,0.00223745,0.453415,0.284443,0.0578746
img_07192.jpg,0.204067,0.186638,0.484169,0.0242742,0.0305111,0.0216334,0.027552,0.0211555
img_02954.jpg,0.180732,0.174814,0.0885763,0.137011,0.118759,0.108277,0.109106,0.0827255
img_02252.jpg,0.104961,0.312316,0.0412127,0.104326,0.28538,0.0700345,0.0663565,0.0154131
img_06001.jpg,0.0465443,0.180929,0.0902471,0.0835737,0.317746,0.133506,0.107822,0.0396319
img_05813.jpg,0.141435,0.128039,0.0977455,0.149492,0.100157,0.142905,0.124937,0.115289
img_01984.jpg,0.131236,0.132928,0.101939,0.142331,0.113245,0.141842,0.126003,0.110477
img_01616.jpg,0.0701426,0.165606,0.116155,0.097581,0.250027,0.1306,0.113516,0.0563735
img_01384.jpg,0.176842,0.127502,0.170895,0.146307,0.124202,0.121097,0.0849918,0.0481632
img_04369.jpg,0.0470369,0.178,0.101001,0.0801711,0.334106,0.12573,0.0998211,0.0341327
img_06947.jpg,0.00177388,0.149328,0.0170962,0.0129498,0.734357,0.0509917,0.0322252,0.0012784
img_06273.jpg,0.107239,0.136586,0.100696,0.141378,0.117673,0.148397,0.115517,0.132515
img_05328.jpg,0.148666,0.13828,0.119112,0.15323,0.120976,0.143055,0.106821,0.0698593
img_07354.jpg,0.140094,0.315659,0.0513077,0.0748565,0.313621,0.0337754,0.0538723,0.0168147
img_03764.jpg,0.126199,0.126962,0.120589,0.125324,0.122791,0.126053,0.126974,0.125108
img_00833.jpg,0.0745241,0.198231,0.139492,0.160447,0.201197,0.093556,0.063201,0.0693521
img_07426.jpg,0.117104,0.166125,0.0760547,0.157402,0.135609,0.163665,0.118056,0.0659842
img_06608.jpg,0.0890971,0.152443,0.115211,0.11056,0.18921,0.133547,0.125138,0.0847935
img_01834.jpg,0.277921,0.0284186,0.0177584,0.0648973,0.0189296,0.352127,0.178325,0.0616234
img_02398.jpg,0.129399,0.124707,0.135576,0.120903,0.127553,0.119401,0.122428,0.120033
img_05603.jpg,0.0538617,0.208215,0.0650321,0.119653,0.259273,0.164166,0.102361,0.0274389
img_03867.jpg,0.0879365,0.0991582,0.129301,0.0999502,0.293877,0.136081,0.103053,0.0506434
img_00982.jpg,0.0369059,0.426104,0.0514961,0.0670603,0.0999599,0.0855872,0.0661831,0.166704
img_05755.jpg,0.0864674,0.154379,0.114186,0.109374,0.195094,0.134044,0.124639,0.0818171
img_07700.jpg,0.123886,0.126602,0.124212,0.121893,0.126361,0.123532,0.127078,0.126435
img_04520.jpg,0.10637,0.125874,0.124948,0.109777,0.112416,0.146835,0.157663,0.116117
img_02006.jpg,0.122332,0.145561,0.0931149,0.156876,0.106788,0.158541,0.108673,0.108114
img_03116.jpg,0.0368585,0.204988,0.0676506,0.0871569,0.331282,0.14707,0.098053,0.0269414
img_00398.jpg,0.0947838,0.148234,0.117246,0.112952,0.177123,0.132323,0.126026,0.0913114
img_03456.jpg,0.0147597,0.181544,0.0507636,0.0447618,0.522486,0.105643,0.0692466,0.010795
img_00729.jpg,0.126683,0.141419,0.135428,0.151585,0.11949,0.108042,0.0866341,0.130719
img_04675.jpg,0.310544,0.0823573,0.0433166,0.250928,0.0298186,0.0912855,0.0813218,0.110429
img_05349.jpg,0.0326991,0.402435,0.024133,0.0846576,0.0375379,0.0082635,0.236389,0.173885
img_01781.jpg,0.122582,0.123397,0.210665,0.09766,0.213142,0.107603,0.0751298,0.0498202
img_05236.jpg,0.0650247,0.169622,0.103544,0.0975619,0.251642,0.136051,0.11811,0.0584446
img_00773.jpg,0.0315439,0.186776,0.0752841,0.0684555,0.391913,0.126209,0.0944489,0.0253696
img_03290.jpg,0.107507,0.157085,0.148136,0.104686,0.211156,0.107161,0.10329,0.0609787
img_05186.jpg,0.190656,0.112749,0.0434974,0.085341,0.0152846,0.262772,0.183002,0.106698
img_04546.jpg,0.258725,0.10864,0.0810241,0.214494,0.0794054,0.141231,0.0502828,0.0661973
img_05718.jpg,0.0372515,0.203176,0.0904139,0.0889854,0.355704,0.114513,0.0792305,0.0307263
img_04860.jpg,0.0706545,0.165753,0.106767,0.101063,0.235111,0.135931,0.120295,0.0644249
img_05896.jpg,0.123886,0.126602,0.124212,0.121893,0.126361,0.123532,0.127078,0.126435
img_04128.jpg,0.140934,0.429743,0.0458054,0.0155014,0.0875688,0.0363869,0.1011,0.14296
img_04766.jpg,0.0991636,0.144978,0.11865,0.11464,0.168365,0.131253,0.126542,0.0964075
img_01134.jpg,0.0555041,0.174983,0.113913,0.0916454,0.270619,0.126553,0.119386,0.0473966
img_03652.jpg,0.300311,0.0813562,0.0419208,0.0750669,0.105864,0.080745,0.10193,0.212806
img_03361.jpg,0.00819447,0.443271,0.0371489,0.0182481,0.322802,0.0165327,0.0137044,0.140098
img_01171.jpg,0.0524595,0.222784,0.0492597,0.129529,0.0979227,0.31827,0.0907187,0.0390561
img_00533.jpg,0.128227,0.118999,0.13178,0.12978,0.132725,0.11877,0.120735,0.118984
img_07187.jpg,0.123886,0.126602,0.124212,0.121893,0.126361,0.123532,0.127078,0.126435
img_03231.jpg,0.144981,0.140353,0.0367732,0.239993,0.0596706,0.221757,0.10384,0.0526325
img_04415.jpg,0.143159,0.128014,0.0952654,0.152419,0.0976876,0.144842,0.124553,0.114059
img_07147.jpg,0.0142988,0.262443,0.0586444,0.0546156,0.344033,0.145032,0.104975,0.0159578
img_01371.jpg,0.245774,0.246471,0.0778164,0.0754119,0.0949142,0.110487,0.047402,0.101724
img_05147.jpg,0.130644,0.127511,0.113747,0.132081,0.116032,0.130924,0.126624,0.122437
img_07050.jpg,0.134417,0.127827,0.108055,0.138,0.110397,0.135087,0.126171,0.120045
img_02412.jpg,0.0721076,0.166289,0.106862,0.101572,0.233544,0.134671,0.1201,0.0648544
img_00582.jpg,0.123886,0.126602,0.124212,0.121893,0.126361,0.123532,0.127078,0.126435
img_05241.jpg,0.110629,0.151762,0.0908997,0.142837,0.138756,0.157033,0.124937,0.0831472
img_00618.jpg,0.101463,0.16036,0.0852728,0.142322,0.151191,0.163771,0.123496,0.0721242
img_04629.jpg,0.0968299,0.128229,0.130152,0.0628802,0.27188,0.146833,0.0896804,0.0735154
img_07561.jpg,0.155748,0.126826,0.077756,0.175252,0.0801786,0.159193,0.120732,0.104315
img_04145.jpg,0.123886,0.126602,0.124212,0.121893,0.126361,0.123532,0.127078,0.126435
img_04885.jpg,0.212102,0.0835799,0.156065,0.0686877,0.128197,0.122045,0.0755123,0.153811
img_01647.jpg,0.162215,0.137635,0.196281,0.0761494,0.165371,0.0940244,0.0964951,0.0718287
img_06137.jpg,0.191177,0.189759,0.0260775,0.0981665,0.0254447,0.0898199,0.32625,0.0533048
img_00857.jpg,0.0889376,0.168178,0.108801,0.107372,0.212292,0.123762,0.118968,0.0716896
img_06525.jpg,0.0672483,0.201667,0.0437876,0.158548,0.175305,0.219919,0.105337,0.0281885
img_00484.jpg,0.127934,0.127198,0.1179,0.127935,0.120137,0.12795,0.126861,0.124084
img_06272.jpg,0.00731285,0.278779,0.0303401,0.00781173,0.541427,0.116299,0.0154331,0.00259671
img_01399.jpg,0.155783,0.00961945,0.033198,0.0220636,0.191093,0.494829,0.0631328,0.0302809
img_05580.jpg,0.1236,0.125828,0.121796,0.120733,0.127342,0.12404,0.128782,0.127879
img_07304.jpg,0.0469535,0.188894,0.0790976,0.0912507,0.30544,0.146214,0.106915,0.0352346
img_06748.jpg,0.374198,0.0814929,0.0446655,0.0673928,0.0398556,0.0577141,0.249976,0.084705
img_04341.jpg,0.0667639,0.0842332,0.0948489,0.0923955,0.412569,0.146824,0.0798847,0.0224817
img_04423.jpg,0.292478,0.153161,0.469089,0.00462883,0.0102729,0.0195143,0.0304102,0.0204452
img_05673.jpg,0.0179859,0.206562,0.0403193,0.0615677,0.451145,0.139235,0.0733986,0.00978601
img_00119.jpg,0.00153164,0.0738989,0.017034,0.0106285,0.806081,0.055836,0.0342031,0.000786651
img_05119.jpg,0.123886,0.126602,0.124212,0.121893,0.126361,0.123532,0.127078,0.126435
img_00518.jpg,0.0688178,0.167964,0.104728,0.0999094,0.241183,0.137436,0.117472,0.0624907
img_06831.jpg,0.211589,0.109265,0.0210938,0.289029,0.0234735,0.201455,0.0867487,0.0573464
img_04044.jpg,0.0579768,0.193801,0.0734858,0.112554,0.258424,0.165821,0.105405,0.0325326
img_05055.jpg,0.0474542,0.285652,0.0640004,0.00565687,0.339586,0.0720868,0.166227,0.0193359
img_04554.jpg,0.123435,0.126935,0.124143,0.121793,0.12703,0.123694,0.127101,0.125868
img_01633.jpg,0.0685763,0.167196,0.105616,0.0998069,0.241053,0.136015,0.119532,0.0622042
img_00620.jpg,0.0204228,0.209914,0.0521382,0.0169045,0.212714,0.378528,0.0876469,0.0217315
img_02400.jpg,0.113047,0.151586,0.0877913,0.147131,0.133497,0.160105,0.124537,0.0823056
img_01102.jpg,0.277982,0.122403,0.203888,0.0269116,0.0508287,0.0248348,0.0616025,0.231549
img_06559.jpg,0.149433,0.104925,0.126881,0.168031,0.125752,0.119793,0.106867,0.0983175
img_03502.jpg,0.0375831,0.185,0.0818799,0.0750523,0.359014,0.129933,0.100544,0.0309934
img_03252.jpg,0.137356,0.148098,0.118547,0.118874,0.143284,0.10789,0.119436,0.106515
img_00723.jpg,0.0827442,0.152691,0.0181663,0.110769,0.176366,0.111251,0.0507421,0.297271
img_05967.jpg,0.123886,0.126602,0.124212,0.121893,0.126361,0.123532,0.127078,0.126435
img_04478.jpg,0.107299,0.164622,0.0947477,0.104531,0.176031,0.137607,0.143013,0.0721491
img_06893.jpg,0.0702589,0.166029,0.106552,0.100827,0.236228,0.135951,0.120154,0.0640009
img_02811.jpg,0.0394774,0.184259,0.083778,0.0769696,0.349622,0.13086,0.102242,0.0327911
img_04037.jpg,0.119094,0.130147,0.123426,0.12077,0.133635,0.125221,0.127261,0.120445
img_03718.jpg,0.0598204,0.173063,0.100251,0.0940354,0.268237,0.135839,0.115736,0.0530177
img_02857.jpg,0.158097,0.160231,0.0996405,0.145572,0.0858924,0.144626,0.0982373,0.107704
img_03587.jpg,0.0791534,0.159709,0.111033,0.105791,0.212547,0.13517,0.122932,0.0736646
img_05915.jpg,0.27764,0.08483,0.0243455,0.145538,0.0205044,0.209081,0.174257,0.0638026
img_05076.jpg,0.0550404,0.145804,0.10424,0.100846,0.344308,0.120543,0.0961603,0.0330588
img_06939.jpg,0.123886,0.126602,0.124212,0.121893,0.126361,0.123532,0.127078,0.126435
img_02726.jpg,0.149797,0.127615,0.0859058,0.164118,0.0883445,0.152359,0.122769,0.109093
