image,ALB,BET,DOL,LAG,NoF,OTHER,SHARK,YFT
img_06909.jpg,0.0885339,0.136895,0.0920776,0.114605,0.112704,0.0913822,0.130271,0.233531
img_07103.jpg,0.228979,0.0924134,0.0982971,0.0884958,0.131617,0.0928943,0.117926,0.149378
img_04118.jpg,0.210785,0.111062,0.0945819,0.099374,0.0797465,0.138422,0.0875173,0.178511
img_03043.jpg,0.0856024,0.126035,0.0819612,0.102741,0.217618,0.106046,0.0796384,0.200358
img_06916.jpg,0.0843883,0.27563,0.0681319,0.0886969,0.102333,0.0859647,0.103959,0.190897
img_01431.jpg,0.156058,0.121035,0.107281,0.104376,0.129294,0.113023,0.123839,0.145094
img_01058.jpg,0.161338,0.152862,0.0874746,0.0915207,0.198633,0.0794992,0.0997059,0.128967
img_01249.jpg,0.136892,0.1202,0.0975207,0.0884897,0.069569,0.158651,0.144062,0.184616
img_07505.jpg,0.192306,0.143555,0.10379,0.110915,0.126482,0.0989946,0.115116,0.108841
img_03223.jpg,0.208944,0.0958281,0.0754282,0.0874575,0.136545,0.127608,0.15052,0.11767
img_02703.jpg,0.186079,0.149694,0.084931,0.0944436,0.127629,0.0954417,0.109476,0.152305
img_02943.jpg,0.077586,0.183783,0.113296,0.0867405,0.0992067,0.0893295,0.108317,0.241742
img_00828.jpg,0.172291,0.143694,0.0854984,0.0986795,0.0916169,0.123364,0.105704,0.179151
img_04130.jpg,0.185291,0.111211,0.106017,0.100942,0.144939,0.105494,0.107358,0.138748
img_00417.jpg,0.11073,0.0709935,0.0653189,0.080224,0.101144,0.131792,0.0647346,0.375063
img_03670.jpg,0.124146,0.173431,0.0961197,0.0846156,0.112147,0.136859,0.195018,0.0776649
img_00708.jpg,0.180616,0.156308,0.0951956,0.0765619,0.0688474,0.155828,0.0842491,0.182394
img_03082.jpg,0.12223,0.111316,0.0770074,0.105147,0.19347,0.140613,0.0920521,0.158164
img_05459.jpg,0.184298,0.105046,0.104695,0.0951508,0.109493,0.132138,0.0896245,0.179555
img_07120.jpg,0.181827,0.15593,0.0847924,0.0963567,0.132477,0.106746,0.106621,0.135251
img_06165.jpg,0.250405,0.12634,0.0779246,0.095792,0.195813,0.110155,0.0749309,0.0686395
img_06506.jpg,0.133784,0.147575,0.093228,0.0757603,0.0360299,0.129512,0.10115,0.282962
img_00223.jpg,0.16283,0.111834,0.11291,0.111867,0.110375,0.119205,0.125026,0.145953
img_03520.jpg,0.0735853,0.120108,0.0840505,0.0916431,0.108033,0.103468,0.104754,0.314358
img_05950.jpg,0.179031,0.109713,0.115749,0.102189,0.113319,0.093978,0.121212,0.164808
img_06547.jpg,0.0787909,0.0912981,0.0603322,0.08986,0.0972823,0.117211,0.126,0.339225
img_04726.jpg,0.103901,0.12716,0.0768742,0.10094,0.109841,0.143082,0.117951,0.220252
img_05292.jpg,0.153491,0.0997849,0.0817144,0.0944613,0.069389,0.215702,0.0797811,0.205676
img_01213.jpg,0.145781,0.173931,0.0841616,0.0979427,0.0959855,0.0816283,0.132821,0.187749
img_06186.jpg,0.180392,0.162492,0.090006,0.09998,0.077022,0.137678,0.0732419,0.179188
img_00030.jpg,0.234198,0.0941688,0.0923471,0.106485,0.0990389,0.133063,0.103756,0.136944
img_06259.jpg,0.125829,0.108281,0.0837651,0.0922515,0.26942,0.123385,0.0798347,0.117234
img_07054.jpg,0.0721242,0.155118,0.0781717,0.105683,0.134517,0.158093,0.136189,0.160104
img_02865.jpg,0.0684863,0.104378,0.0562013,0.0846209,0.0525746,0.0951305,0.0997515,0.438857
img_02890.jpg,0.15324,0.142439,0.101973,0.0975565,0.117993,0.0982741,0.108804,0.17972
img_05210.jpg,0.13507,0.127382,0.090519,0.0937267,0.115475,0.123292,0.126369,0.188166
img_05322.jpg,0.139194,0.10284,0.100164,0.102071,0.135376,0.11669,0.112613,0.19105
img_07023.jpg,0.131324,0.0784575,0.0844128,0.0951797,0.137189,0.160962,0.159576,0.1529
img_02838.jpg,0.0527031,0.12041,0.0643222,0.0877153,0.068811,0.155305,0.115106,0.335627
img_04233.jpg,0.206605,0.112743,0.0895871,0.0812919,0.0611314,0.117843,0.0721208,0.258678
img_01689.jpg,0.0708896,0.111473,0.108713,0.107527,0.194253,0.123727,0.0858078,0.19761
img_01632.jpg,0.144466,0.101325,0.083579,0.0945149,0.14013,0.121042,0.127799,0.187144
img_07594.jpg,0.187034,0.121722,0.101334,0.0883997,0.0765796,0.145752,0.0771747,0.202004
img_07143.jpg,0.0812119,0.15677,0.0953294,0.0994235,0.14891,0.112085,0.157188,0.149082
img_03422.jpg,0.10752,0.162683,0.119262,0.0918858,0.110997,0.0981195,0.111384,0.198147
img_00599.jpg,0.243454,0.121113,0.110554,0.0842559,0.0543065,0.127511,0.0805544,0.178251
img_02188.jpg,0.195766,0.144271,0.0890567,0.0845104,0.0757246,0.111637,0.0910736,0.207961
img_01552.jpg,0.152843,0.107783,0.114694,0.0822403,0.0694062,0.0786591,0.129141,0.265234
img_03628.jpg,0.161525,0.0788155,0.0768066,0.101265,0.0913605,0.133692,0.112178,0.244357
img_05026.jpg,0.11164,0.141933,0.10342,0.0860499,0.0671515,0.138605,0.0699234,0.281277
img_01490.jpg,0.286892,0.0856667,0.0675676,0.103556,0.121137,0.0567257,0.108688,0.169767
img_01211.jpg,0.125673,0.109574,0.0958396,0.0938041,0.0595055,0.114307,0.090389,0.310909
img_04422.jpg,0.153393,0.103166,0.108691,0.0726533,0.147198,0.12823,0.10456,0.182109
img_06845.jpg,0.114499,0.143669,0.0919665,0.116741,0.0980237,0.135896,0.101649,0.197556
img_03805.jpg,0.136906,0.116999,0.0692146,0.091126,0.0910903,0.132909,0.0880046,0.273751
img_00914.jpg,0.25346,0.115387,0.0653906,0.096169,0.0710969,0.103613,0.152534,0.142349
img_04879.jpg,0.126597,0.160854,0.112693,0.0903394,0.0809314,0.108726,0.107702,0.212157
img_00432.jpg,0.152218,0.146264,0.0897325,0.0946875,0.0821953,0.150925,0.110865,0.173112
img_00007.jpg,0.175771,0.137791,0.0764709,0.125934,0.0712316,0.234844,0.060338,0.11762
img_00133.jpg,0.128989,0.126969,0.112049,0.107205,0.127524,0.115608,0.112116,0.16954
img_02808.jpg,0.112623,0.161846,0.121247,0.091224,0.117406,0.0963332,0.106891,0.19243
img_05864.jpg,0.219595,0.0916656,0.0959152,0.0797396,0.225054,0.0825129,0.0762799,0.129237
img_07191.jpg,0.191683,0.129161,0.0870346,0.0957092,0.0741467,0.136344,0.0855082,0.200413
img_00865.jpg,0.154246,0.142929,0.088251,0.112331,0.0890203,0.154978,0.0814225,0.176823
img_03228.jpg,0.131471,0.104503,0.140547,0.10402,0.0828549,0.110401,0.116171,0.210031
img_00125.jpg,0.144058,0.146421,0.0962195,0.107649,0.114419,0.114458,0.104433,0.172342
img_02522.jpg,0.23226,0.117606,0.0744017,0.111988,0.116488,0.104536,0.100243,0.142477
img_06332.jpg,0.23603,0.0717576,0.0590011,0.067624,0.0653088,0.149036,0.101774,0.249468
img_03135.jpg,0.160057,0.147866,0.0839593,0.0977393,0.0804562,0.080046,0.0735571,0.27632
img_01847.jpg,0.142977,0.171862,0.0993503,0.0767898,0.0647205,0.16313,0.0644917,0.216679
img_06851.jpg,0.220606,0.150302,0.0899043,0.0900735,0.0874729,0.126489,0.123615,0.111537
img_06144.jpg,0.0960003,0.116171,0.0731652,0.0998054,0.138111,0.1297,0.117271,0.229776
img_02379.jpg,0.153205,0.0692301,0.0636317,0.09519,0.113724,0.122159,0.116938,0.265923
img_05038.jpg,0.236576,0.120898,0.0927352,0.0825582,0.107079,0.150731,0.068244,0.141179
img_02487.jpg,0.10228,0.150464,0.0819848,0.11584,0.161194,0.121152,0.147903,0.119182
img_04559.jpg,0.0847167,0.135806,0.0950818,0.100827,0.195103,0.113176,0.109633,0.165657
img_06103.jpg,0.189557,0.13469,0.111511,0.10485,0.145092,0.108608,0.102717,0.102974
img_04752.jpg,0.210091,0.143083,0.0977987,0.0915976,0.11184,0.102582,0.103623,0.139385
img_03452.jpg,0.119226,0.0873492,0.120649,0.102204,0.17727,0.0634834,0.0874374,0.242381
img_01571.jpg,0.15811,0.122565,0.121096,0.10164,0.113662,0.106356,0.1084,0.16817
img_03924.jpg,0.143014,0.14305,0.0943282,0.0924705,0.109864,0.121711,0.103947,0.191615
img_01688.jpg,0.0977206,0.0996461,0.0641241,0.0663739,0.0600999,0.140115,0.0762348,0.395685
img_01824.jpg,0.209651,0.151274,0.0770645,0.0884885,0.0830223,0.109992,0.120145,0.160362
img_00598.jpg,0.193679,0.105529,0.0932346,0.102265,0.0984095,0.110538,0.114229,0.182116
img_07146.jpg,0.127733,0.0979114,0.0750459,0.111127,0.119402,0.107127,0.0886122,0.273042
img_04719.jpg,0.133694,0.104789,0.100547,0.0808977,0.0677379,0.18353,0.0638846,0.264919
img_03871.jpg,0.104785,0.0995355,0.0932458,0.114044,0.137582,0.13766,0.123682,0.189465
img_00442.jpg,0.185861,0.0973386,0.100936,0.102369,0.153036,0.129348,0.0831744,0.147936
img_00760.jpg,0.138917,0.137534,0.102813,0.102356,0.1589,0.125883,0.0942904,0.139308
img_02096.jpg,0.126872,0.14241,0.0740265,0.104817,0.118076,0.157951,0.163686,0.112162
img_04532.jpg,0.200044,0.175628,0.0968739,0.0969521,0.066594,0.115904,0.0860629,0.161941
img_03310.jpg,0.163967,0.11532,0.0968575,0.108644,0.117833,0.107018,0.0918963,0.198464
img_03581.jpg,0.0926327,0.219235,0.113435,0.109361,0.0830403,0.0744281,0.117283,0.190585
img_03064.jpg,0.180793,0.160161,0.0879067,0.0860187,0.0559821,0.107169,0.0709126,0.251057
img_04795.jpg,0.25202,0.14818,0.0975019,0.0824061,0.0898977,0.122343,0.0764722,0.131178
img_06371.jpg,0.208867,0.127342,0.111469,0.101272,0.122678,0.105758,0.11568,0.106934
img_06469.jpg,0.194652,0.119067,0.114232,0.104042,0.0953653,0.0979668,0.106404,0.168271
img_04405.jpg,0.186583,0.131475,0.112195,0.0815791,0.0740902,0.134318,0.100636,0.179123
img_02235.jpg,0.20278,0.106853,0.0794848,0.0800131,0.0731437,0.116933,0.0846157,0.256177
img_02904.jpg,0.082623,0.0927129,0.0993904,0.0986157,0.139561,0.105161,0.111211,0.270724
img_01328.jpg,0.159257,0.132405,0.103242,0.0986487,0.0850964,0.106827,0.131253,0.183272
img_06962.jpg,0.230452,0.110833,0.103832,0.0902469,0.113784,0.116364,0.0997257,0.134763
img_07583.jpg,0.143562,0.113128,0.0856702,0.0745784,0.207232,0.0962804,0.103731,0.175818
img_04076.jpg,0.182954,0.115086,0.100649,0.10456,0.0939144,0.108229,0.121586,0.173021
img_02789.jpg,0.199762,0.13661,0.0986987,0.08768,0.0964414,0.131441,0.095206,0.15416
img_05572.jpg,0.177505,0.146219,0.119593,0.0810952,0.0699473,0.130953,0.114917,0.159771
img_06642.jpg,0.199548,0.110516,0.0799653,0.0838148,0.0733425,0.153219,0.0751817,0.224413
img_00999.jpg,0.164977,0.182421,0.100915,0.0962364,0.127081,0.103366,0.0677498,0.157255
img_01685.jpg,0.164999,0.138964,0.112449,0.108323,0.12088,0.111854,0.112862,0.129668
img_06268.jpg,0.135274,0.210549,0.0473547,0.092419,0.121535,0.166231,0.0917285,0.134908
img_02646.jpg,0.133801,0.101902,0.0925089,0.134745,0.126992,0.156917,0.0957735,0.157362
img_01519.jpg,0.296079,0.0952005,0.0836071,0.0960256,0.0536061,0.0974467,0.0773412,0.200694
img_01649.jpg,0.217748,0.120671,0.096249,0.102632,0.0997304,0.108988,0.10796,0.14602
img_04250.jpg,0.182087,0.119172,0.088368,0.102184,0.139545,0.112448,0.11621,0.139985
img_02648.jpg,0.167332,0.120812,0.092005,0.0898912,0.194727,0.117013,0.113793,0.104426
img_07757.jpg,0.101071,0.0878502,0.0795206,0.0951352,0.0921751,0.10364,0.103409,0.337199
img_03475.jpg,0.152601,0.0975911,0.0955196,0.104739,0.0926096,0.136029,0.110128,0.210783
img_06424.jpg,0.166164,0.0943511,0.0629813,0.132401,0.126642,0.276221,0.0792547,0.0619854
img_06010.jpg,0.125382,0.191387,0.10173,0.0767514,0.0806009,0.0960124,0.10894,0.219196
img_02625.jpg,0.170282,0.143661,0.102714,0.0905531,0.0620225,0.125353,0.117847,0.187569
img_04671.jpg,0.137853,0.0932261,0.0825966,0.0819662,0.160811,0.142722,0.0669984,0.233827
img_05021.jpg,0.158606,0.130183,0.0855773,0.105658,0.10717,0.146811,0.103746,0.16225
img_04511.jpg,0.215647,0.112117,0.106448,0.0946789,0.083739,0.116536,0.101909,0.168925
img_03222.jpg,0.154568,0.117602,0.0958504,0.121685,0.10796,0.168638,0.100445,0.133251
img_04603.jpg,0.251377,0.0944337,0.111766,0.104161,0.102216,0.108877,0.122436,0.104734
img_04888.jpg,0.117313,0.0909027,0.0916734,0.0969518,0.156405,0.141541,0.151851,0.153363
img_07375.jpg,0.139636,0.1179,0.0919615,0.0888868,0.0811394,0.118042,0.0856721,0.276762
img_06038.jpg,0.109276,0.158785,0.0781835,0.112305,0.161338,0.116086,0.106554,0.157472
img_00664.jpg,0.162832,0.1248,0.0990697,0.0949078,0.0956999,0.104805,0.121646,0.19624
img_01684.jpg,0.118236,0.117504,0.0719978,0.0807606,0.089038,0.118869,0.13097,0.272625
img_06732.jpg,0.159181,0.108251,0.0988833,0.109978,0.138942,0.135266,0.130501,0.118997
img_06426.jpg,0.0773436,0.0686278,0.0673747,0.0664398,0.174208,0.066276,0.0921169,0.387614
img_05721.jpg,0.0553947,0.135437,0.0842999,0.0918182,0.108879,0.149555,0.11784,0.256776
img_04991.jpg,0.273888,0.11784,0.0702417,0.0769154,0.0733782,0.133859,0.0617137,0.192165
img_05587.jpg,0.192453,0.148066,0.110043,0.103587,0.114318,0.0959664,0.106451,0.129116
img_07173.jpg,0.141101,0.0788664,0.0763077,0.0891535,0.118385,0.104895,0.0736455,0.317646
img_04959.jpg,0.0559947,0.143744,0.0863666,0.0916497,0.13337,0.0892375,0.0990367,0.300601
img_05520.jpg,0.18131,0.143627,0.110126,0.101349,0.0975838,0.115602,0.0743046,0.176099
img_02367.jpg,0.177708,0.121205,0.0979279,0.109509,0.0992675,0.11727,0.122291,0.154822
img_06685.jpg,0.10841,0.0994492,0.0681932,0.0905122,0.0774163,0.107205,0.134905,0.313908
img_02636.jpg,0.127533,0.147606,0.104444,0.0961405,0.0450973,0.0651755,0.0656914,0.348312
img_04271.jpg,0.201444,0.120545,0.101194,0.103559,0.10797,0.105923,0.110931,0.148434
img_06508.jpg,0.192441,0.125563,0.106968,0.0966291,0.107974,0.104312,0.092242,0.17387
img_04503.jpg,0.241624,0.114595,0.0814338,0.106365,0.0957775,0.117991,0.0901506,0.152063
img_03941.jpg,0.106351,0.213736,0.0976749,0.100327,0.100593,0.0769816,0.108861,0.195476
img_07833.jpg,0.234946,0.110242,0.0795054,0.100344,0.106725,0.149019,0.0936746,0.125545
img_02799.jpg,0.158236,0.119039,0.0938311,0.0958941,0.143504,0.114782,0.14597,0.128744
img_05433.jpg,0.132713,0.128366,0.0919901,0.079863,0.0787814,0.110697,0.0937672,0.283822
img_05440.jpg,0.0723431,0.0929667,0.0983303,0.0951806,0.113879,0.111689,0.112185,0.303426
img_07508.jpg,0.251815,0.0787592,0.0714159,0.0746757,0.0734996,0.130502,0.0951355,0.224198
img_03195.jpg,0.199355,0.148591,0.0849166,0.0779523,0.0730287,0.198776,0.0640489,0.153331
img_07005.jpg,0.220849,0.113848,0.0764924,0.0998932,0.100629,0.139428,0.092168,0.156692
img_05489.jpg,0.13919,0.0987046,0.0743871,0.101883,0.0793207,0.144788,0.0911485,0.270578
img_03426.jpg,0.189315,0.111098,0.103527,0.0973478,0.130598,0.126752,0.100362,0.141
img_03760.jpg,0.188757,0.114902,0.0977768,0.0946864,0.0812696,0.110678,0.0717917,0.24014
img_04856.jpg,0.127132,0.117765,0.11461,0.0992448,0.119921,0.0997978,0.128074,0.193455
img_02209.jpg,0.134494,0.137425,0.106586,0.0883023,0.100483,0.155492,0.0757105,0.201507
img_00071.jpg,0.105834,0.106549,0.10069,0.100454,0.140797,0.139577,0.12648,0.179619
img_00726.jpg,0.129277,0.0973996,0.0749339,0.108164,0.0816159,0.160116,0.0923177,0.256176
img_01888.jpg,0.201483,0.168581,0.0982397,0.0970163,0.0650928,0.121858,0.0828123,0.164916
img_03547.jpg,0.226403,0.117626,0.0925062,0.101832,0.0963763,0.144315,0.0875969,0.133345
img_05426.jpg,0.135554,0.113096,0.08726,0.0992232,0.127938,0.164147,0.0892381,0.183544
img_07717.jpg,0.13204,0.207037,0.0874846,0.11529,0.0827477,0.129004,0.0938798,0.152518
img_03490.jpg,0.132199,0.0937179,0.0764571,0.0951334,0.125516,0.123579,0.180925,0.172472
img_00005.jpg,0.185777,0.158897,0.0568088,0.0850721,0.0951476,0.13193,0.0591046,0.227263
img_01657.jpg,0.22664,0.15733,0.06687,0.0685349,0.154208,0.0815105,0.0488613,0.196046
img_00974.jpg,0.141103,0.101315,0.0807477,0.0852724,0.0873932,0.165389,0.0891169,0.249663
img_05264.jpg,0.258183,0.107559,0.0949478,0.102624,0.1496,0.12658,0.0867846,0.0737215
img_06324.jpg,0.135208,0.144982,0.121345,0.0931377,0.110687,0.110233,0.100751,0.183656
img_00808.jpg,0.18378,0.102041,0.100626,0.111177,0.100354,0.115332,0.115621,0.17107
img_01090.jpg,0.119722,0.115207,0.0878973,0.0853432,0.101753,0.180545,0.106994,0.202539
img_02739.jpg,0.13559,0.149019,0.117643,0.111147,0.0912927,0.129563,0.135357,0.130388
img_02146.jpg,0.193634,0.132777,0.093286,0.100267,0.101748,0.113857,0.119476,0.144954
img_04285.jpg,0.117805,0.103198,0.0817471,0.0808447,0.0738871,0.115262,0.0787996,0.348456
img_00646.jpg,0.167266,0.140672,0.114326,0.0988028,0.160465,0.0982691,0.0906616,0.129539
img_00289.jpg,0.226785,0.11056,0.0998381,0.102818,0.120383,0.124813,0.0942098,0.120593
img_03181.jpg,0.158352,0.113568,0.103056,0.0986711,0.084169,0.139128,0.0779157,0.22514
img_00164.jpg,0.0909911,0.109354,0.110463,0.0934665,0.0993949,0.123009,0.185637,0.187685
img_06986.jpg,0.166726,0.130734,0.0868139,0.101383,0.112074,0.104154,0.114433,0.183682
img_03602.jpg,0.217844,0.10416,0.104989,0.0935613,0.124296,0.120226,0.0930323,0.141892
img_02702.jpg,0.218073,0.114891,0.0979477,0.0956613,0.138116,0.107193,0.0984985,0.12962
img_01955.jpg,0.0949352,0.0966068,0.0782435,0.103015,0.096871,0.191039,0.0759942,0.263295
img_05222.jpg,0.176929,0.116777,0.106169,0.100606,0.129717,0.113159,0.105969,0.150675
img_03410.jpg,0.0810768,0.296466,0.075182,0.0769348,0.0308336,0.155327,0.0968366,0.187343
img_04921.jpg,0.264125,0.0821737,0.086792,0.0721647,0.0788856,0.088764,0.0843659,0.242729
img_06321.jpg,0.157094,0.125497,0.129886,0.0875836,0.0731217,0.145897,0.127211,0.15371
img_06440.jpg,0.180122,0.0878714,0.0907314,0.0933879,0.0927647,0.165197,0.0927919,0.197134
img_02949.jpg,0.130196,0.141762,0.0897855,0.100419,0.106611,0.120415,0.125755,0.185056
img_03945.jpg,0.144821,0.0998717,0.0787331,0.0916864,0.0761258,0.10794,0.0917831,0.309038
img_04015.jpg,0.14221,0.0935306,0.0877382,0.127383,0.110896,0.119376,0.0946317,0.224234
img_02766.jpg,0.133157,0.100589,0.100594,0.0828358,0.0806137,0.0798854,0.111729,0.310596
img_01142.jpg,0.0887721,0.0936846,0.0988583,0.108386,0.103766,0.130441,0.134894,0.241198
img_04410.jpg,0.177642,0.130001,0.090591,0.106022,0.072295,0.119931,0.144636,0.158883
img_01379.jpg,0.0849632,0.143811,0.102026,0.0846066,0.0882357,0.111735,0.0943799,0.290244
img_01366.jpg,0.142058,0.142092,0.106967,0.0996556,0.117328,0.0976695,0.110772,0.183458
img_05828.jpg,0.157097,0.0923798,0.0610448,0.102923,0.157527,0.165933,0.111187,0.151908
img_02082.jpg,0.256215,0.110779,0.0998292,0.0909907,0.0958379,0.115344,0.0910603,0.139944
img_05492.jpg,0.291282,0.0771382,0.0639313,0.068856,0.0963836,0.0588041,0.0900369,0.253568
img_00493.jpg,0.105032,0.135427,0.0867344,0.0898103,0.0888741,0.117095,0.0730855,0.303941
img_04129.jpg,0.143213,0.141626,0.0920781,0.110168,0.10092,0.125466,0.0915378,0.194993
img_03210.jpg,0.131543,0.0877813,0.0591082,0.0811036,0.138085,0.074495,0.0648965,0.362988
img_04640.jpg,0.140056,0.11635,0.0885924,0.0839607,0.0787982,0.119104,0.0795239,0.293614
img_04712.jpg,0.174616,0.117536,0.0553356,0.0828733,0.0854022,0.131418,0.104064,0.248755
img_02372.jpg,0.111391,0.0948914,0.0497689,0.0940689,0.0673732,0.247243,0.0798351,0.255429
img_02749.jpg,0.108626,0.203051,0.111804,0.107593,0.083008,0.0777481,0.116124,0.192046
img_01022.jpg,0.187919,0.166638,0.0812206,0.0942778,0.0884433,0.0770196,0.144702,0.15978
img_00285.jpg,0.217818,0.113456,0.0985222,0.0930947,0.0956349,0.132497,0.0945863,0.154392
img_06922.jpg,0.257068,0.148263,0.0886688,0.0832581,0.0733708,0.103699,0.0871152,0.158558
img_02540.jpg,0.160076,0.154809,0.0730234,0.0867054,0.0732703,0.149145,0.105525,0.197445
img_01831.jpg,0.0883055,0.225995,0.113733,0.109062,0.0824498,0.075589,0.121831,0.183034
img_00575.jpg,0.194123,0.10555,0.105779,0.0942364,0.116101,0.106257,0.121643,0.156311
img_04247.jpg,0.206563,0.105938,0.088878,0.0961903,0.116645,0.127276,0.0993507,0.159159
img_02666.jpg,0.146553,0.100955,0.0754031,0.0936304,0.145805,0.122259,0.121623,0.193771
img_06285.jpg,0.200454,0.111736,0.0556282,0.0852731,0.0483955,0.108882,0.0903512,0.29928
img_00172.jpg,0.094998,0.0972295,0.0699222,0.0919934,0.0657627,0.180633,0.0706474,0.328813
img_07590.jpg,0.0974065,0.130038,0.0733034,0.114834,0.211444,0.126521,0.0977822,0.148672
img_06975.jpg,0.164191,0.136632,0.100944,0.082782,0.104125,0.16098,0.0710441,0.179303
img_05568.jpg,0.18925,0.110088,0.0789182,0.101195,0.122327,0.101454,0.152747,0.144021
img_05595.jpg,0.214832,0.133154,0.0858192,0.0808119,0.0959424,0.135931,0.0711225,0.182387
img_05087.jpg,0.130103,0.121243,0.1069,0.0820988,0.0850814,0.112239,0.108618,0.253717
img_00590.jpg,0.103059,0.146125,0.0829021,0.10681,0.0941717,0.136211,0.0615151,0.269206
img_04507.jpg,0.129461,0.105296,0.0592958,0.0893467,0.0789781,0.131866,0.135526,0.27023
img_00180.jpg,0.180997,0.168002,0.0823431,0.0882643,0.129137,0.111341,0.100315,0.139601
img_02889.jpg,0.121858,0.112087,0.106119,0.100711,0.106953,0.126348,0.106094,0.219831
img_04263.jpg,0.194188,0.0944537,0.0582472,0.0760134,0.0933172,0.119845,0.0798316,0.284104
img_05276.jpg,0.0966801,0.156091,0.0781444,0.0920251,0.0837755,0.138463,0.105683,0.249138
img_07818.jpg,0.171897,0.123869,0.0895583,0.0932592,0.144196,0.105357,0.128374,0.14349
img_04476.jpg,0.107826,0.132253,0.101783,0.111972,0.145287,0.13542,0.123497,0.141961
img_00282.jpg,0.158812,0.144485,0.102451,0.101781,0.113932,0.0998543,0.104205,0.17448
img_02687.jpg,0.0941718,0.0912507,0.0669286,0.0825166,0.117048,0.086288,0.0997873,0.362009
img_02920.jpg,0.183948,0.104292,0.0815273,0.106919,0.0777298,0.228961,0.0836848,0.132938
img_02172.jpg,0.0656014,0.114245,0.0880002,0.0767043,0.0787868,0.090279,0.0928492,0.393534
img_07348.jpg,0.138388,0.141821,0.104697,0.0931298,0.0847342,0.102163,0.128669,0.206399
img_01803.jpg,0.360585,0.138562,0.10254,0.100674,0.101974,0.0675211,0.0678733,0.0602699
img_01222.jpg,0.142478,0.122337,0.102792,0.0968977,0.0972267,0.15436,0.160626,0.123283
img_06302.jpg,0.0914846,0.174501,0.120826,0.0901595,0.118144,0.0879658,0.103103,0.213817
img_07893.jpg,0.152285,0.160016,0.143894,0.0903188,0.095213,0.129242,0.136714,0.0923167
img_05015.jpg,0.123523,0.12142,0.0847452,0.101262,0.107442,0.163504,0.0887602,0.209344
img_07224.jpg,0.169733,0.132775,0.094891,0.103824,0.0718295,0.113253,0.104689,0.209006
img_07352.jpg,0.151297,0.123317,0.0780991,0.0929948,0.118375,0.133692,0.14125,0.160976
img_01640.jpg,0.123096,0.146085,0.129517,0.125258,0.0578147,0.14494,0.0977265,0.175563
img_05908.jpg,0.108887,0.137565,0.0573186,0.0777752,0.0489525,0.216259,0.0570535,0.296188
img_04013.jpg,0.220382,0.101918,0.0859522,0.0762533,0.0724023,0.119106,0.0729674,0.25102
img_01224.jpg,0.123742,0.103277,0.115704,0.0841891,0.312531,0.0886606,0.0783349,0.0935606
img_07419.jpg,0.155448,0.120374,0.100999,0.100878,0.149227,0.0991559,0.0937563,0.180162
img_07160.jpg,0.176898,0.126293,0.0959926,0.102402,0.119011,0.136734,0.110346,0.132323
img_03444.jpg,0.127383,0.101446,0.111938,0.106732,0.140388,0.131097,0.0975944,0.18342
img_05722.jpg,0.218849,0.101986,0.0648632,0.0876945,0.0832982,0.163476,0.0922836,0.18755
img_03943.jpg,0.162173,0.111379,0.0562512,0.0808349,0.0864225,0.104088,0.126964,0.271887
img_05640.jpg,0.182536,0.105408,0.0967352,0.103631,0.122712,0.114738,0.114033,0.160206
img_06959.jpg,0.1891,0.106782,0.0982229,0.106417,0.104593,0.110568,0.119643,0.164674
img_07628.jpg,0.0919521,0.143789,0.0884813,0.103935,0.113265,0.122991,0.117017,0.218569
img_05293.jpg,0.248642,0.112638,0.0905695,0.0793381,0.0718828,0.108104,0.070047,0.218779
img_05475.jpg,0.194483,0.121365,0.0995936,0.104268,0.100249,0.108015,0.114225,0.157801
img_00473.jpg,0.202327,0.086821,0.0583829,0.0689155,0.0651343,0.176364,0.133484,0.208571
img_02974.jpg,0.213499,0.121027,0.0663047,0.0900474,0.0691017,0.125514,0.0824185,0.232088
img_02077.jpg,0.201005,0.136737,0.0980153,0.094106,0.1121,0.104255,0.103674,0.150107
img_06832.jpg,0.0912149,0.159044,0.125505,0.0922105,0.128884,0.0880904,0.106229,0.208822
img_06690.jpg,0.207572,0.0996828,0.112211,0.0761902,0.12157,0.112646,0.11293,0.157197
img_01426.jpg,0.0843103,0.0693782,0.105458,0.130291,0.295528,0.0827472,0.0833493,0.148937
img_07051.jpg,0.213761,0.0895389,0.103103,0.123636,0.0993885,0.0815179,0.108478,0.180576
img_07318.jpg,0.120153,0.127613,0.117115,0.116508,0.121009,0.100887,0.138597,0.158118
img_00027.jpg,0.320404,0.127646,0.0717582,0.0745639,0.0244046,0.106249,0.0716628,0.203312
img_06616.jpg,0.18116,0.161699,0.0793547,0.102532,0.088075,0.115279,0.0890905,0.182809
img_07319.jpg,0.247719,0.149774,0.103199,0.0790588,0.0861341,0.131937,0.0762228,0.125955
img_02416.jpg,0.129844,0.162711,0.100939,0.100444,0.10831,0.123187,0.102639,0.171925
img_02734.jpg,0.182371,0.100272,0.0860744,0.105167,0.113334,0.131537,0.0811393,0.200106
img_03563.jpg,0.0787843,0.131686,0.0635009,0.118054,0.231124,0.0964966,0.10234,0.178015
img_02422.jpg,0.207324,0.125685,0.121069,0.081153,0.0920239,0.1294,0.0964027,0.146943
img_07156.jpg,0.14604,0.111527,0.0910563,0.106533,0.0994328,0.142747,0.0912987,0.211365
img_05439.jpg,0.165507,0.168612,0.0981707,0.102636,0.0818455,0.0941842,0.106642,0.182402
img_06571.jpg,0.182125,0.111914,0.0943869,0.100991,0.0851912,0.118384,0.107919,0.199089
img_01825.jpg,0.114204,0.145082,0.0815481,0.0965532,0.102484,0.129565,0.144493,0.18607
img_05754.jpg,0.280978,0.12718,0.102758,0.086211,0.0433038,0.0727986,0.124735,0.162035
img_02347.jpg,0.21716,0.116703,0.090797,0.0924285,0.0922096,0.138251,0.097431,0.15502
img_06311.jpg,0.152297,0.109955,0.0806324,0.0994253,0.0920395,0.188083,0.0839396,0.193628
img_01593.jpg,0.159251,0.162622,0.120657,0.102307,0.0942437,0.132974,0.114203,0.113742
img_02291.jpg,0.140192,0.11267,0.116955,0.0978422,0.12893,0.0977773,0.128384,0.177249
img_03229.jpg,0.335136,0.132816,0.0916878,0.0744961,0.0554759,0.111217,0.0821618,0.117009
img_00311.jpg,0.0576223,0.214309,0.148977,0.0905763,0.0454052,0.126516,0.0993377,0.217256
img_05251.jpg,0.182066,0.128728,0.123338,0.0949776,0.0992695,0.156508,0.0643897,0.150722
img_02119.jpg,0.174192,0.105566,0.112767,0.112774,0.101824,0.124782,0.117594,0.1505
img_01856.jpg,0.228192,0.0947469,0.0679938,0.08891,0.0865754,0.1566,0.120444,0.156537
img_02769.jpg,0.115798,0.174581,0.105152,0.071001,0.178662,0.0717009,0.0932001,0.189905
img_05539.jpg,0.163393,0.143135,0.105434,0.103233,0.116287,0.0988737,0.0987724,0.170872
img_05548.jpg,0.161751,0.140685,0.0795012,0.113508,0.132887,0.156144,0.0802013,0.135323
img_03674.jpg,0.113432,0.109587,0.0955041,0.101121,0.102403,0.0948128,0.112796,0.270345
img_04740.jpg,0.134984,0.141206,0.0927087,0.089741,0.089223,0.132978,0.111485,0.207674
img_06373.jpg,0.103282,0.105565,0.119079,0.0945378,0.204453,0.1237,0.109633,0.13975
img_02124.jpg,0.152889,0.0990291,0.0776886,0.0998193,0.092151,0.136448,0.0915657,0.250409
img_05084.jpg,0.126785,0.128386,0.0957885,0.0775021,0.0747794,0.132956,0.124102,0.239702
img_06521.jpg,0.226434,0.17539,0.0920141,0.0777638,0.0748792,0.13101,0.0823267,0.140183
img_04237.jpg,0.155834,0.109502,0.125681,0.0930637,0.138679,0.092068,0.0714916,0.21368
img_00894.jpg,0.130836,0.157447,0.102182,0.100797,0.0684906,0.146439,0.110575,0.183232
img_00292.jpg,0.182268,0.210146,0.0882168,0.0922269,0.0825619,0.0957743,0.0659459,0.182861
img_07448.jpg,0.0622078,0.114954,0.0856787,0.0876524,0.139896,0.115741,0.0902778,0.303592
img_03527.jpg,0.311059,0.183026,0.0814523,0.0956338,0.0780098,0.0511137,0.0740457,0.125659
img_03801.jpg,0.0998009,0.0866154,0.0814476,0.0815127,0.100072,0.0938049,0.108282,0.348464
img_06673.jpg,0.103513,0.0774192,0.080343,0.113557,0.153614,0.0996174,0.171914,0.200023
img_07428.jpg,0.121182,0.140066,0.0841454,0.104781,0.0730825,0.109075,0.112165,0.255504
img_04750.jpg,0.13713,0.158631,0.12594,0.10547,0.095466,0.124297,0.126356,0.126711
img_05948.jpg,0.230168,0.105401,0.0970815,0.0833791,0.176355,0.129016,0.0825135,0.0960862
img_00152.jpg,0.0965079,0.120799,0.095716,0.10048,0.121776,0.091045,0.116282,0.257394
img_00654.jpg,0.0847212,0.121017,0.0739481,0.0911022,0.117675,0.103716,0.097283,0.310538
img_03074.jpg,0.19075,0.109916,0.104028,0.103141,0.105618,0.116372,0.139377,0.130798
img_05156.jpg,0.150508,0.146331,0.104316,0.0981469,0.10908,0.0986949,0.124767,0.168157
img_05682.jpg,0.193215,0.109835,0.0714633,0.0814293,0.0703941,0.105587,0.0653364,0.302741
img_00046.jpg,0.184507,0.105064,0.0890636,0.102733,0.15134,0.118056,0.111484,0.137752
img_01745.jpg,0.0543084,0.107982,0.126464,0.0926002,0.0692618,0.136352,0.123262,0.28977
img_03488.jpg,0.1759,0.126183,0.0869234,0.106383,0.103049,0.146,0.0889742,0.166588
img_05438.jpg,0.167825,0.106532,0.101643,0.0987138,0.101178,0.127928,0.094545,0.201635
img_03087.jpg,0.226051,0.128356,0.0858143,0.0953758,0.105977,0.101561,0.102027,0.154838
img_02285.jpg,0.121103,0.209106,0.0720389,0.118068,0.155233,0.110147,0.106803,0.107501
img_06237.jpg,0.0586372,0.10768,0.0988883,0.0830742,0.123153,0.1038,0.0867408,0.338027
img_00446.jpg,0.166164,0.111539,0.0835754,0.101214,0.122939,0.116071,0.0816056,0.216893
img_05445.jpg,0.165387,0.181297,0.0955861,0.10602,0.0744485,0.0898028,0.10578,0.181678
img_04830.jpg,0.121873,0.115945,0.0619813,0.100359,0.187958,0.213407,0.103058,0.0954191
img_06807.jpg,0.142741,0.122642,0.0990295,0.0996423,0.080508,0.134378,0.113045,0.208015
img_06294.jpg,0.184541,0.103604,0.0500071,0.0999094,0.12589,0.12883,0.11548,0.191739
img_06798.jpg,0.167475,0.159973,0.115167,0.101889,0.0882254,0.0996668,0.116501,0.151103
img_01188.jpg,0.188389,0.143385,0.108564,0.0941769,0.0895804,0.129468,0.0718422,0.174594
img_05857.jpg,0.128001,0.109656,0.0767402,0.102377,0.0949263,0.164282,0.0851443,0.238873
img_04419.jpg,0.191506,0.131564,0.10211,0.105818,0.117009,0.0964031,0.115188,0.140402
img_05284.jpg,0.10283,0.147226,0.0979964,0.0754639,0.227082,0.0926142,0.0889778,0.16781
img_07278.jpg,0.0998822,0.186985,0.111465,0.101633,0.0935139,0.166307,0.104468,0.135747
img_00587.jpg,0.26595,0.127399,0.0848686,0.0845032,0.055434,0.135004,0.0874385,0.159403
img_07543.jpg,0.108808,0.135977,0.0899017,0.0908943,0.119062,0.121199,0.102495,0.231663
img_03238.jpg,0.154474,0.125882,0.111857,0.0924682,0.0946786,0.1423,0.0942682,0.184073
img_04257.jpg,0.1123,0.157586,0.105294,0.0908477,0.120197,0.123648,0.151955,0.138172
img_05735.jpg,0.156777,0.15421,0.138301,0.0929412,0.0960096,0.112268,0.0960034,0.153489
img_01996.jpg,0.17364,0.120676,0.0926999,0.080663,0.119974,0.143374,0.0883048,0.180668
img_05074.jpg,0.170038,0.128218,0.106424,0.0818976,0.11343,0.126084,0.129153,0.144755
img_04642.jpg,0.207507,0.123406,0.0844609,0.0888044,0.0673393,0.126531,0.103277,0.198674
img_07659.jpg,0.22559,0.1345,0.0780386,0.0941456,0.10026,0.152733,0.0923908,0.122342
img_04138.jpg,0.189162,0.104902,0.089959,0.102187,0.113741,0.124398,0.0909071,0.184745
img_07467.jpg,0.158736,0.112373,0.106854,0.100079,0.108229,0.110155,0.135711,0.167862
img_05794.jpg,0.139063,0.105704,0.0944653,0.112191,0.118763,0.142279,0.0990034,0.188532
img_06637.jpg,0.130853,0.146145,0.0867465,0.104135,0.0758488,0.0759054,0.150061,0.230305
img_07746.jpg,0.272757,0.0953517,0.0874443,0.0835441,0.0759815,0.168984,0.0568767,0.15906
img_07616.jpg,0.0825106,0.11228,0.106549,0.0893467,0.0917297,0.120509,0.10347,0.293606
img_00584.jpg,0.237681,0.110549,0.105251,0.109991,0.129915,0.101473,0.0956794,0.10946
img_01782.jpg,0.126022,0.133812,0.0914111,0.111637,0.122207,0.098897,0.128397,0.187616
img_03809.jpg,0.284031,0.105841,0.081519,0.101806,0.0988975,0.082259,0.0811593,0.164488
img_06800.jpg,0.12732,0.11353,0.10094,0.0991692,0.130391,0.124564,0.129857,0.174228
img_03254.jpg,0.220743,0.113434,0.0850631,0.0951591,0.0828395,0.161689,0.0837172,0.157355
img_04073.jpg,0.24824,0.113294,0.092237,0.0796775,0.0655003,0.102893,0.0682348,0.229923
img_00730.jpg,0.198933,0.122587,0.11701,0.0847402,0.0833724,0.136785,0.0866086,0.169963
img_07553.jpg,0.179225,0.118701,0.0942294,0.104325,0.111551,0.112747,0.103559,0.175663
img_00550.jpg,0.219569,0.111763,0.0863699,0.100079,0.087638,0.146242,0.0901904,0.158149
img_05692.jpg,0.110374,0.168083,0.0861542,0.0837047,0.130688,0.103618,0.180558,0.136819
img_07192.jpg,0.0461723,0.213152,0.0751511,0.068734,0.0382068,0.1614,0.126867,0.270316
img_02954.jpg,0.101382,0.121676,0.0905718,0.0928083,0.123131,0.111681,0.0972539,0.261496
img_02252.jpg,0.0959911,0.151565,0.0742278,0.101574,0.116104,0.16926,0.130203,0.161075
img_06001.jpg,0.235006,0.119914,0.088726,0.104582,0.0819017,0.155593,0.0986924,0.115585
img_05813.jpg,0.148459,0.142436,0.0796616,0.123411,0.076287,0.223455,0.0652752,0.141015
img_01984.jpg,0.128329,0.171483,0.0841625,0.0980458,0.111107,0.142775,0.0825062,0.181591
img_01616.jpg,0.207616,0.125161,0.0848305,0.0942578,0.0896128,0.145566,0.0971738,0.155783
img_01384.jpg,0.169224,0.131786,0.0816937,0.0883453,0.0789242,0.166394,0.0912471,0.192386
img_04369.jpg,0.201926,0.12503,0.0698124,0.0786017,0.0744003,0.148495,0.0961396,0.205595
img_06947.jpg,0.103115,0.128694,0.0911425,0.108958,0.122431,0.104778,0.137893,0.202988
img_06273.jpg,0.13982,0.102703,0.0792111,0.106791,0.102226,0.197115,0.0866402,0.185494
img_05328.jpg,0.211291,0.105894,0.0951051,0.0992719,0.100659,0.124671,0.0967512,0.166357
img_07354.jpg,0.216861,0.123365,0.106154,0.0910543,0.0950282,0.119063,0.113239,0.135236
img_03764.jpg,0.18836,0.122015,0.0917235,0.106144,0.11407,0.131107,0.110894,0.135687
img_00833.jpg,0.279272,0.160963,0.0536406,0.0706753,0.0493632,0.113325,0.0479723,0.224788
img_07426.jpg,0.0378766,0.135425,0.116666,0.0904822,0.117166,0.150584,0.106253,0.245548
img_06608.jpg,0.104715,0.168129,0.127925,0.0928102,0.112599,0.0885514,0.113666,0.191604
img_01834.jpg,0.260693,0.0917102,0.1201,0.0803371,0.165719,0.098626,0.0813903,0.101424
img_02398.jpg,0.150387,0.205929,0.101831,0.111418,0.112351,0.0963766,0.0978325,0.123874
img_05603.jpg,0.0519154,0.111675,0.0879035,0.0809776,0.0929695,0.0698752,0.0848895,0.419794
img_03867.jpg,0.270577,0.113974,0.103455,0.0960666,0.118105,0.0844604,0.0955849,0.117776
img_00982.jpg,0.0558652,0.167044,0.0915256,0.0863795,0.167346,0.188849,0.103995,0.138996
img_05755.jpg,0.190615,0.117548,0.0896578,0.0983825,0.0920848,0.141917,0.113445,0.15635
img_07700.jpg,0.206762,0.129892,0.0801456,0.0903372,0.0753178,0.148396,0.0970872,0.172062
img_04520.jpg,0.217548,0.098221,0.0955811,0.0921313,0.106741,0.131193,0.0876395,0.170945
img_02006.jpg,0.0249022,0.130954,0.117453,0.0911573,0.118598,0.154511,0.0872067,0.275218
img_03116.jpg,0.113,0.111384,0.0857267,0.116527,0.0800105,0.0935763,0.126614,0.273161
img_00398.jpg,0.212987,0.153518,0.0786527,0.074869,0.0969962,0.0921979,0.0865887,0.204191
img_03456.jpg,0.130952,0.15057,0.0661106,0.0869054,0.0776876,0.170814,0.0945897,0.22237
img_00729.jpg,0.152496,0.144727,0.0896049,0.0958926,0.135439,0.139365,0.141128,0.101348
img_04675.jpg,0.139012,0.113886,0.113428,0.116318,0.0969981,0.0621888,0.105386,0.252783
img_05349.jpg,0.199889,0.107679,0.089512,0.117755,0.139842,0.0908464,0.103969,0.150506
img_01781.jpg,0.135214,0.190964,0.104949,0.0882501,0.109964,0.0900694,0.146893,0.133697
img_05236.jpg,0.172162,0.108693,0.101977,0.0872136,0.0906258,0.132263,0.074542,0.232523
img_00773.jpg,0.111393,0.132783,0.111784,0.0971921,0.106832,0.099814,0.111838,0.228364
img_03290.jpg,0.165657,0.134039,0.0973374,0.0932103,0.102713,0.14162,0.0701132,0.195311
img_05186.jpg,0.230054,0.104946,0.090485,0.0686998,0.163201,0.117483,0.0714612,0.153669
img_04546.jpg,0.12984,0.138723,0.0976826,0.0956501,0.180979,0.12402,0.0970516,0.136052
img_05718.jpg,0.210655,0.103302,0.0859554,0.08576,0.0619147,0.126516,0.089946,0.235951
img_04860.jpg,0.165182,0.175425,0.0949829,0.102659,0.0779301,0.0943145,0.105837,0.18367
img_05896.jpg,0.156228,0.121954,0.0958611,0.11102,0.0911398,0.12026,0.0890974,0.21444
img_04128.jpg,0.135549,0.173347,0.0707436,0.11467,0.0956169,0.0754434,0.0618734,0.272756
img_04766.jpg,0.221733,0.121064,0.098301,0.0782233,0.0900583,0.137179,0.0800424,0.173399
img_01134.jpg,0.110124,0.210065,0.0983146,0.100993,0.104146,0.0810848,0.104038,0.191235
img_03652.jpg,0.19066,0.11063,0.106845,0.0978697,0.13273,0.106545,0.10792,0.146799
img_03361.jpg,0.172026,0.130158,0.0610462,0.155607,0.181727,0.0775639,0.0922252,0.129648
img_01171.jpg,0.122299,0.121211,0.0874599,0.0927458,0.116886,0.10971,0.115593,0.234096
img_00533.jpg,0.202604,0.150623,0.0978546,0.0815324,0.070474,0.120809,0.0800457,0.196056
img_07187.jpg,0.113761,0.135515,0.0923795,0.0990475,0.109703,0.123631,0.144709,0.181254
img_03231.jpg,0.229458,0.130534,0.10613,0.100365,0.0860626,0.103655,0.104927,0.138868
img_04415.jpg,0.184417,0.118614,0.101635,0.108251,0.113457,0.117626,0.096184,0.159815
img_07147.jpg,0.137091,0.169016,0.0786313,0.101621,0.0911459,0.139887,0.0965822,0.186025
img_01371.jpg,0.108236,0.156918,0.0845491,0.0713618,0.0325597,0.147548,0.0893101,0.309518
img_05147.jpg,0.162988,0.112264,0.0835035,0.10035,0.0960747,0.136661,0.0956329,0.212525
img_07050.jpg,0.132444,0.122945,0.0783018,0.0989772,0.0934085,0.134265,0.0815251,0.258134
img_02412.jpg,0.133548,0.0802674,0.0788847,0.0951381,0.122616,0.151217,0.081626,0.256703
img_00582.jpg,0.181744,0.106031,0.08434,0.1032,0.111524,0.128023,0.0813265,0.203812
img_05241.jpg,0.16332,0.138895,0.103651,0.102128,0.118519,0.0974975,0.0977207,0.178269
img_00618.jpg,0.18527,0.102691,0.105411,0.104067,0.133553,0.111986,0.116381,0.140641
img_04629.jpg,0.126569,0.174583,0.0553567,0.133926,0.0880911,0.134079,0.107269,0.180126
img_07561.jpg,0.131226,0.120736,0.0938543,0.0901352,0.130844,0.142762,0.0861102,0.204332
img_04145.jpg,0.136544,0.109313,0.0820599,0.0860176,0.0817802,0.115474,0.094639,0.294173
img_04885.jpg,0.230441,0.105128,0.0863959,0.0711767,0.0647314,0.111944,0.0704211,0.259762
img_01647.jpg,0.104327,0.144809,0.0988697,0.108174,0.119583,0.119861,0.0962129,0.208162
img_06137.jpg,0.252178,0.168496,0.0911604,0.0835369,0.142769,0.07995,0.0774094,0.104499
img_00857.jpg,0.116317,0.142546,0.0948236,0.0898591,0.0799738,0.108697,0.102103,0.265681
img_06525.jpg,0.170125,0.167349,0.105286,0.100744,0.0598388,0.127944,0.114465,0.154248
img_00484.jpg,0.180617,0.143949,0.0693345,0.11037,0.0954955,0.109412,0.0927188,0.198103
img_06272.jpg,0.117186,0.148396,0.0953117,0.111672,0.113772,0.104175,0.148003,0.161486
img_01399.jpg,0.280382,0.129766,0.0918553,0.116291,0.0767518,0.0612587,0.0801469,0.163548
img_05580.jpg,0.18681,0.117127,0.119736,0.0826917,0.100072,0.161706,0.0708751,0.160981
img_07304.jpg,0.0727084,0.110718,0.0710452,0.0813342,0.125198,0.0890069,0.0850099,0.364979
img_06748.jpg,0.20433,0.170885,0.0946084,0.0947422,0.132125,0.0967976,0.0747114,0.131801
img_04341.jpg,0.184516,0.12732,0.105027,0.0951161,0.104749,0.119969,0.0942382,0.169064
img_04423.jpg,0.148556,0.139356,0.110517,0.0860132,0.0726464,0.0841525,0.138415,0.220344
img_05673.jpg,0.082299,0.139374,0.101763,0.117588,0.125227,0.113243,0.119703,0.200802
img_00119.jpg,0.183003,0.115697,0.0455729,0.0807566,0.0550982,0.152706,0.0858036,0.281362
img_05119.jpg,0.112158,0.170317,0.113752,0.094525,0.112977,0.0969724,0.11558,0.183719
img_00518.jpg,0.147347,0.179818,0.110319,0.106261,0.113781,0.138482,0.110688,0.0933053
img_06831.jpg,0.0606198,0.116142,0.0566823,0.0960039,0.320411,0.101756,0.0936015,0.154784
img_04044.jpg,0.151347,0.122424,0.0931819,0.0931242,0.157275,0.0973551,0.0982866,0.187006
img_05055.jpg,0.140848,0.121873,0.0906364,0.0907714,0.101481,0.0874029,0.120617,0.24637
img_04554.jpg,0.127176,0.140479,0.100114,0.0942889,0.103657,0.1127,0.0799514,0.241635
img_01633.jpg,0.254413,0.141111,0.0665226,0.0807187,0.103113,0.207383,0.0594059,0.0873334
img_00620.jpg,0.182996,0.111353,0.116322,0.0906395,0.0701657,0.117897,0.103145,0.207481
img_02400.jpg,0.140369,0.144671,0.114169,0.107254,0.0821196,0.127456,0.121897,0.162064
img_01102.jpg,0.126133,0.173576,0.0960675,0.101732,0.135639,0.0891188,0.141699,0.136035
img_06559.jpg,0.122331,0.141875,0.10409,0.0864144,0.0786312,0.124948,0.114073,0.227637
img_03502.jpg,0.171913,0.112159,0.109621,0.0964794,0.0699388,0.135119,0.107366,0.197405
img_03252.jpg,0.141508,0.111468,0.101644,0.097247,0.114431,0.102605,0.11177,0.219327
img_00723.jpg,0.152228,0.127596,0.0957253,0.0878496,0.0686333,0.104868,0.133599,0.229501
img_05967.jpg,0.126057,0.10769,0.0985697,0.109621,0.124692,0.102066,0.107756,0.223549
img_04478.jpg,0.176738,0.0946484,0.0928812,0.112269,0.117715,0.112776,0.0825405,0.210432
img_06893.jpg,0.210799,0.145103,0.0683967,0.0894718,0.0796936,0.143486,0.0730839,0.189966
img_02811.jpg,0.123041,0.229692,0.105537,0.100651,0.0867335,0.078251,0.0927896,0.183304
img_04037.jpg,0.225954,0.110173,0.0873208,0.11382,0.108701,0.124459,0.051816,0.177757
img_03718.jpg,0.118894,0.215734,0.10485,0.100702,0.0958877,0.0772778,0.0958712,0.190784
img_02857.jpg,0.173205,0.109012,0.0851827,0.0995208,0.097167,0.119432,0.139331,0.177149
img_03587.jpg,0.221987,0.122319,0.10079,0.0838639,0.0587486,0.12053,0.078729,0.213033
img_05915.jpg,0.0899743,0.143114,0.112953,0.127202,0.109072,0.0993284,0.112032,0.206323
img_05076.jpg,0.125558,0.140435,0.0849266,0.116516,0.0763809,0.103835,0.0918376,0.260511
img_06939.jpg,0.178407,0.129038,0.122172,0.094941,0.111363,0.122067,0.0999365,0.142075
img_02726.jpg,0.083717,0.104303,0.0825296,0.112432,0.0970238,0.0814352,0.138927,0.299633
img_07436.jpg,0.187408,0.138857,0.097322,0.0871324,0.093549,0.142967,0.112488,0.140276
