image,ALB,BET,DOL,LAG,NoF,OTHER,SHARK,YFT
img_06909.jpg,7.98261e-05,8.98657e-06,0.998667,0.000272877,0.000955574,9.11483e-09,5.68761e-08,1.54683e-05
img_07103.jpg,0.00263736,0.014649,0.0254992,1.36801e-05,0.954675,4.92622e-08,0.00147374,0.00105196
img_04118.jpg,0.000349194,0.0423925,0.0923104,0.11317,0.16632,0.335574,0.0130145,0.23687
img_03043.jpg,0.00126829,0.000292715,0.00186346,0.00124758,0.983782,0.000530753,0.00907645,0.00193876
img_06916.jpg,0.0103991,0.902745,0.0131994,0.0358031,0.0233269,0.0120277,0.00207603,0.000423086
img_01431.jpg,0.0125445,0.000115517,0.0655818,0.00299777,0.906872,0.00102685,0.000493796,0.010368
img_01058.jpg,0.263602,2.40888e-06,6.40802e-06,1.55606e-10,0.717415,0.018974,2.05961e-07,7.86098e-09
img_01249.jpg,1.36536e-05,0.024446,0.479386,0.00023048,0.495518,0.000313115,6.93716e-05,2.26998e-05
img_07505.jpg,0.169945,0.00211664,0.147532,0.0162505,0.602269,0.0391234,0.010112,0.012651
img_03223.jpg,0.000177897,4.51438e-08,3.01074e-05,0.483135,0.511342,0.00451057,0.000801962,3.30838e-06
img_02703.jpg,6.38461e-06,1.7032e-05,0.856897,8.59229e-11,0.00021305,0.0488526,0.0940068,7.79546e-06
img_02943.jpg,0.0988638,0.193399,9.70889e-05,0.000435191,0.301037,0.03742,0.0416196,0.327129
img_00828.jpg,0.00209977,0.733202,0.0847285,0.0454829,0.00814236,1.17811e-05,0.121867,0.00446584
img_04130.jpg,0.00671574,0.000241976,0.481477,0.00010264,0.505653,0.00497966,5.08437e-05,0.000778659
img_00417.jpg,0.0941409,0.00106157,0.82409,0.000874218,0.0365659,0.0341625,0.00898021,0.000125093
img_03670.jpg,7.30551e-05,2.24494e-08,0.999899,2.22019e-10,2.75712e-05,8.79222e-09,9.42433e-09,7.53953e-07
img_00708.jpg,0.00420459,2.54391e-05,0.95405,7.51384e-06,0.0408176,0.000782167,7.34163e-06,0.000105444
img_03082.jpg,4.25909e-05,5.79541e-11,0.998913,2.04173e-10,0.000189484,1.5055e-10,1.20382e-08,0.00085456
img_05459.jpg,0.000936561,5.66785e-05,0.948738,0.0099702,0.00482564,0.000365393,7.3963e-05,0.0350335
img_07120.jpg,0.121849,0.0102007,0.460701,3.52327e-09,0.176621,0.0267118,0.199619,0.00429821
img_06165.jpg,0.0509906,0.129167,6.76247e-05,0.481112,0.241092,0.00534248,0.05312,0.039108
img_06506.jpg,1.92367e-09,1.84567e-06,0.285651,0.00835934,8.01595e-05,0.200017,3.86813e-05,0.505852
img_00223.jpg,0.0070528,5.50842e-05,0.529152,0.000636235,0.459817,2.22668e-05,0.00286867,0.000395597
img_03520.jpg,0.00083299,3.21949e-06,0.960211,0.00531871,0.00661377,0.0155355,0.000135628,0.0113493
img_05950.jpg,0.0012616,0.00792485,0.0564875,0.0317958,0.00260634,0.0157129,0.000222978,0.883988
img_06547.jpg,0.173488,4.35597e-06,0.813159,9.15743e-07,0.012731,6.37578e-07,2.61666e-08,0.000616256
img_04726.jpg,0.00307025,0.380679,0.0998949,4.04376e-06,0.513859,5.71164e-05,0.00242885,6.86535e-06
img_05292.jpg,0.00512457,0.0102659,0.469575,0.000265191,0.509094,0.00194388,0.00264927,0.00108212
img_01213.jpg,0.0130058,0.46918,0.000770425,0.00383981,0.453878,0.0254813,0.0337143,0.000130478
img_06186.jpg,0.000609302,0.157556,0.00296857,0.00354441,0.0195965,0.291095,0.523124,0.00150626
img_00030.jpg,0.0402868,0.00269546,0.0114321,3.96977e-05,0.919638,0.0089311,0.0159248,0.00105222
img_06259.jpg,0.00115022,0.000133771,2.24553e-06,0.888203,0.00678932,7.82318e-05,0.103642,8.14209e-07
img_07054.jpg,0.00120176,0.0186617,0.0641159,1.29327e-06,0.911768,0.000108444,0.00385753,0.000285085
img_02865.jpg,0.105841,0.366287,0.524633,0.000328425,0.00188567,0.000119214,0.000100167,0.000804682
img_02890.jpg,0.044905,0.523974,0.00281017,6.70694e-05,0.1198,0.283525,0.0111384,0.0137803
img_05210.jpg,0.0330085,0.00207144,0.185156,0.00161714,0.731561,0.00162678,0.0191418,0.0258166
img_05322.jpg,0.000524458,6.09329e-08,0.906066,4.6432e-06,0.000462289,0.000372779,4.22479e-09,0.0925699
img_07023.jpg,0.0122669,0.000161679,0.984333,2.04892e-05,0.00117694,6.68287e-06,0.00137975,0.000654346
img_02838.jpg,0.0585147,0.000284602,0.00750723,0.0424667,0.883498,5.10796e-05,0.00747643,0.00020083
img_04233.jpg,2.0884e-10,9.78853e-11,0.999811,4.4897e-10,0.000189098,2.68185e-07,5.50141e-11,1.04111e-10
img_01689.jpg,9.93255e-05,1.00918e-07,2.17129e-08,2.20255e-06,0.356041,2.24949e-05,0.643833,1.66386e-06
img_01632.jpg,0.00161699,1.43341e-05,0.796629,0.00187865,0.00584427,7.69674e-05,9.58368e-06,0.19393
img_07594.jpg,1.00705e-05,4.27658e-08,0.813189,4.48462e-10,0.1868,1.6188e-08,7.47996e-11,1.33658e-06
img_07143.jpg,0.00820392,0.331493,0.588551,0.00781491,0.0370759,0.000262809,0.0264858,0.000112785
img_03422.jpg,0.000238481,0.976133,3.52059e-05,2.66934e-07,0.00186511,0.0200396,1.35773e-05,0.00167427
img_00599.jpg,0.000309609,5.44536e-05,0.870535,3.99053e-09,0.129068,3.23053e-05,2.94432e-11,1.2666e-06
img_02188.jpg,0.12058,0.0121203,0.851946,2.2202e-05,0.0152829,2.70154e-05,4.04212e-06,1.77364e-05
img_01552.jpg,0.000209206,0.00103085,0.11704,0.259507,0.000699494,0.0649793,0.0157684,0.540766
img_03628.jpg,8.95812e-11,0.761114,0.238853,1.31636e-06,8.97649e-10,4.272e-12,3.18577e-05,4.53902e-08
img_05026.jpg,8.73551e-05,4.20795e-05,0.998591,2.93987e-08,0.00116226,1.5692e-06,6.70126e-09,0.000115303
img_01490.jpg,2.44486e-07,4.62285e-11,1.88287e-10,1.60621e-05,0.562998,0.000207659,0.436777,8.13644e-07
img_01211.jpg,0.00877355,5.75991e-08,0.98929,9.79763e-13,0.00193673,1.79805e-11,5.04245e-08,1.63722e-08
img_04422.jpg,9.12935e-06,2.28804e-09,0.000449275,8.07295e-08,0.999539,3.70066e-08,1.95343e-11,2.25214e-06
img_06845.jpg,0.0144826,3.00058e-05,0.00801687,6.34774e-05,0.772189,0.0676073,0.121148,0.0164628
img_03805.jpg,0.0178986,3.23864e-05,0.0601854,0.000467931,0.921122,5.26792e-05,0.000176937,6.39131e-05
img_00914.jpg,3.51876e-09,2.59169e-06,8.47705e-06,6.19627e-12,3.76181e-07,4.48452e-10,0.0572704,0.942718
img_04879.jpg,0.000769686,1.99597e-05,4.53779e-06,1.96257e-05,0.30244,0.612639,0.0839304,0.00017611
img_00432.jpg,0.375435,0.233499,0.0416959,8.23111e-08,0.292935,4.32253e-05,0.000850295,0.0555409
img_00007.jpg,0.0413897,0.00966077,0.450592,0.00238029,0.143984,0.000759458,0.0332329,0.318001
img_00133.jpg,0.716437,0.0026846,0.000981572,2.94698e-06,0.229066,0.00545694,0.00410653,0.0412644
img_02808.jpg,0.00539446,0.282092,0.000122488,6.50552e-07,0.15197,0.555494,0.000533065,0.00439415
img_05864.jpg,1.22357e-08,3.28379e-10,1.76315e-06,3.31367e-05,0.998307,0.000833402,5.05225e-06,0.000820124
img_07191.jpg,0.0195352,0.0242932,0.312328,6.126e-05,0.405533,2.87266e-05,0.00165622,0.236564
img_00865.jpg,0.0523357,0.0147923,0.221282,0.000115707,0.139368,0.00338399,0.315798,0.252925
img_03228.jpg,0.186054,0.677824,0.0107117,0.0446499,0.0102894,0.0320261,0.00128793,0.0371567
img_00125.jpg,0.00912319,0.000686719,0.849208,0.0119441,0.0073986,0.0217066,0.00698357,0.0929495
img_02522.jpg,0.0455509,0.0459499,2.76986e-05,7.46951e-05,0.0255722,0.846475,0.0273947,0.00895502
img_06332.jpg,0.00186026,1.06501e-06,0.994012,4.48165e-08,0.00259173,4.59353e-07,1.2483e-06,0.00153359
img_03135.jpg,0.00223415,6.30777e-07,0.482265,9.46134e-07,0.514958,9.94331e-05,6.17528e-07,0.000441405
img_01847.jpg,0.000236604,1.30073e-08,0.856633,1.35815e-09,0.143062,9.21899e-06,1.03747e-08,5.90638e-05
img_06851.jpg,0.0045763,2.97447e-07,0.499171,3.2552e-08,0.48748,0.00786689,3.5387e-05,0.000870027
img_06144.jpg,0.0423344,4.46555e-05,0.104798,0.00203115,0.845354,7.40257e-05,0.000113367,0.00525048
img_02379.jpg,4.29312e-09,2.03422e-05,0.999683,0.00029593,7.19138e-07,1.17825e-11,2.1305e-08,5.37857e-07
img_05038.jpg,0.000103852,6.10485e-06,0.659756,6.42328e-07,0.340131,1.71132e-06,3.42951e-08,5.64158e-07
img_02487.jpg,0.458505,0.0153079,0.225972,3.60589e-05,0.0784619,0.00095284,0.0431633,0.177602
img_04559.jpg,2.61174e-05,2.03015e-07,3.6562e-08,1.15223e-08,0.373886,0.000133003,0.625951,3.59879e-06
img_06103.jpg,0.00239358,2.51075e-05,0.0443891,0.0223344,0.122948,0.59937,0.0034989,0.20504
img_04752.jpg,0.709242,0.00116003,0.272183,4.18473e-05,0.00324205,0.000329648,0.000705163,0.0130954
img_03452.jpg,1.625e-12,1.71808e-11,1.70038e-05,1.24914e-09,2.89291e-06,9.89213e-15,6.86145e-14,0.99998
img_01571.jpg,0.00281059,0.000384777,0.96087,1.28081e-05,0.0349003,3.04959e-05,0.000363024,0.000628059
img_03924.jpg,0.19881,0.00499317,0.0160654,0.000842992,0.777344,0.000210701,0.00163509,9.80972e-05
img_01688.jpg,0.000260525,0.00972778,0.510712,9.89634e-05,0.405616,0.0203592,0.0387413,0.0144847
img_01824.jpg,7.30723e-05,1.43596e-07,0.995676,1.38111e-08,0.0042095,2.49573e-07,3.88021e-08,4.05561e-05
img_00598.jpg,0.000331241,0.971659,0.00736733,3.91823e-05,0.0201865,0.000320301,5.58776e-05,4.09091e-05
img_07146.jpg,6.6259e-06,3.54517e-09,0.994478,2.60669e-11,0.00551318,1.48969e-06,5.6051e-07,2.54788e-07
img_04719.jpg,2.01718e-07,1.09604e-10,0.999856,2.62073e-06,0.000136311,4.56523e-06,4.49363e-11,4.17313e-08
img_03871.jpg,1.12543e-09,2.95351e-06,1.70116e-05,8.3397e-13,0.999953,2.10445e-12,3.71675e-07,2.63653e-05
img_00442.jpg,0.00226031,1.98854e-06,7.82253e-07,0.000759875,0.907825,0.00552332,0.0836234,5.58289e-06
img_00760.jpg,0.00425771,0.000139582,0.00493575,0.00014949,0.900912,0.0141796,0.0615678,0.0138582
img_02096.jpg,0.0362528,3.84729e-05,0.0297435,3.80246e-05,0.932032,0.000448009,0.00120499,0.00024252
img_04532.jpg,0.00734346,2.63272e-05,0.507559,3.96419e-06,0.473942,0.0109401,4.34145e-07,0.000184741
img_03310.jpg,3.86288e-05,0.00025329,0.00462693,0.680553,2.7621e-05,0.10071,1.68897e-06,0.213788
img_03581.jpg,0.0137212,0.937136,0.0032232,5.5322e-06,0.00144778,0.0033309,0.00141458,0.0397205
img_03064.jpg,0.0491096,0.00929178,0.870553,3.25651e-05,0.069334,0.00164517,9.3329e-06,2.48679e-05
img_04795.jpg,0.000130273,2.04253e-07,0.502752,1.42217e-07,0.494987,5.96207e-06,7.13569e-05,0.00205315
img_06371.jpg,0.0121889,8.79596e-06,0.832753,0.00179324,0.15308,4.74114e-06,0.000116669,5.40112e-05
img_06469.jpg,9.56595e-05,1.84662e-05,0.999494,2.1086e-08,0.000391414,1.11815e-09,5.12947e-08,8.65674e-08
img_04405.jpg,1.24364e-08,4.39633e-09,0.000129747,8.85699e-13,0.99987,7.04791e-09,3.05395e-08,1.21645e-09
img_02235.jpg,6.94005e-07,3.24654e-08,0.999993,5.14078e-10,5.89411e-06,1.44942e-09,2.04135e-11,1.17751e-10
img_02904.jpg,0.00802969,2.04383e-06,0.283183,0.00565776,0.702918,6.74584e-05,8.7621e-08,0.000142213
img_01328.jpg,2.5374e-06,0.00388438,0.000268153,4.61767e-07,0.992155,6.50602e-05,0.00353275,9.20341e-05
img_06962.jpg,0.000462992,5.79518e-08,0.0314812,1.28419e-07,0.967534,9.54521e-06,1.67806e-05,0.000495257
img_07583.jpg,2.76044e-06,0.000149675,7.63667e-08,8.06452e-08,4.90507e-05,6.33874e-05,6.03447e-06,0.999729
img_04076.jpg,0.000587179,0.93175,0.0649067,1.14583e-06,3.5567e-05,6.11265e-07,1.95153e-06,0.00271679
img_02789.jpg,0.00170933,3.07646e-06,0.0158141,7.62065e-09,0.98185,2.13106e-05,0.00025927,0.000342555
img_05572.jpg,3.49453e-08,1.0498e-07,0.00896006,1.6724e-11,0.991038,5.94308e-08,2.18965e-06,6.27766e-10
img_06642.jpg,4.45453e-06,5.66393e-06,0.996406,2.37173e-09,0.00356031,1.84551e-05,2.71201e-08,5.48111e-06
img_00999.jpg,0.000870884,0.000283459,0.934792,0.000273787,0.03516,0.0151405,7.63958e-06,0.0134712
img_01685.jpg,0.184614,0.161787,0.0296351,8.37344e-05,0.00404766,0.00326888,0.0417871,0.574777
img_06268.jpg,4.31997e-09,5.2896e-09,1.01504e-09,1.96289e-11,2.88208e-08,1.17062e-09,1.0,2.04796e-12
img_02646.jpg,0.0112891,0.000452632,0.517915,1.18136e-06,0.469624,5.1009e-07,1.69466e-05,0.000700456
img_01519.jpg,0.00121685,3.95861e-07,0.893121,8.59767e-07,0.105328,0.000248971,3.98286e-07,8.35258e-05
img_01649.jpg,0.00813916,0.0624527,0.64573,0.155786,0.0209824,0.0806627,0.00948722,0.0167593
img_04250.jpg,2.37467e-06,1.38611e-06,0.0130967,0.239848,0.000178044,0.611726,7.69177e-05,0.135071
img_02648.jpg,0.00675853,0.000712944,0.0508499,7.858e-07,0.940521,7.29633e-06,9.20084e-05,0.00105791
img_07757.jpg,0.0369871,2.96978e-06,0.0326695,0.00140161,0.90892,0.00978248,3.95259e-05,0.0101965
img_03475.jpg,6.92005e-10,1.77758e-09,0.817823,4.41086e-10,0.182177,1.41528e-10,1.45824e-08,6.20032e-08
img_06424.jpg,0.00154992,2.5844e-10,0.786642,7.65703e-10,0.211275,0.000523305,3.27946e-06,6.51715e-06
img_06010.jpg,1.98976e-06,5.32797e-09,0.989698,3.39305e-08,0.0102986,1.1474e-06,6.64332e-09,3.06598e-07
img_02625.jpg,0.00672984,0.0152033,0.789288,0.0818729,0.0169744,0.0643554,0.000520849,0.0250552
img_04671.jpg,6.21368e-05,8.7897e-06,0.984796,3.67124e-08,0.0150841,2.00716e-05,5.1918e-07,2.87474e-05
img_05021.jpg,0.00143843,0.000159091,0.654941,0.00035657,0.0781014,0.0010527,0.0258212,0.238129
img_04511.jpg,0.065693,0.0849383,0.0770688,0.00728445,0.250464,0.0570513,0.314884,0.142616
img_03222.jpg,0.000201138,3.08101e-07,0.0501194,0.000178147,7.75973e-05,5.09627e-06,2.18204e-07,0.949418
img_04603.jpg,0.0512714,4.65971e-07,2.56782e-06,2.91986e-09,0.931466,0.000248132,0.0169592,5.27246e-05
img_04888.jpg,0.00456719,0.00292652,0.943959,0.0139184,0.030513,0.000185216,0.00327529,0.000655919
img_07375.jpg,0.00288051,9.47501e-05,0.798031,3.79711e-08,0.198823,3.82898e-05,1.92715e-05,0.00011243
img_06038.jpg,0.00195384,2.3656e-07,1.88549e-09,8.35356e-06,0.960074,0.000532638,0.0374306,1.60177e-08
img_00664.jpg,0.00208197,0.00120861,0.02154,0.0926442,0.0126171,0.828278,0.00139792,0.0402324
img_01684.jpg,0.000969993,0.0102669,0.570387,7.03714e-05,0.179173,0.00427671,0.112165,0.122691
img_06732.jpg,0.0216818,0.000142969,0.170257,5.00439e-06,0.806906,2.03609e-06,0.000936912,6.7975e-05
img_06426.jpg,0.169407,3.972e-05,0.0240734,1.63809e-10,0.804836,0.00163217,9.02748e-06,2.33738e-06
img_05721.jpg,0.000624069,4.18752e-05,2.08086e-08,4.67118e-06,0.282911,0.000295881,0.716122,8.03802e-07
img_04991.jpg,0.00807233,0.000435327,0.554402,0.00952664,0.0986238,0.0859338,0.000149278,0.242857
img_05587.jpg,0.981373,8.92261e-06,0.0153535,1.49702e-06,0.00248973,1.15799e-06,6.08227e-06,0.00076611
img_07173.jpg,0.00218561,9.85918e-06,0.00234426,0.000228493,0.991748,0.000611516,0.00246895,0.00040328
img_04959.jpg,7.80549e-05,1.36188e-05,0.0651355,0.919536,0.000138151,0.00106672,0.000291519,0.0137406
img_05520.jpg,0.000174776,0.000903995,0.858885,0.000221668,0.00525657,0.0471535,0.0010872,0.0863171
img_02367.jpg,0.00612083,0.0408365,0.601441,0.141299,0.00801644,0.141119,0.0445338,0.0166343
img_06685.jpg,0.000874157,0.475625,0.174474,0.00107557,0.00426821,0.00256627,0.340993,0.000124797
img_02636.jpg,0.000212658,2.29823e-07,0.000205348,3.45813e-08,0.999463,1.35285e-05,8.79324e-05,1.71865e-05
img_04271.jpg,0.000871938,0.009421,0.262872,0.00667439,0.0163315,0.000656992,0.000191558,0.702981
img_06508.jpg,4.83161e-05,2.69694e-06,0.921145,4.52678e-06,0.0053998,5.76943e-07,0.00384254,0.0695564
img_04503.jpg,0.0652097,2.49445e-06,0.896276,2.2581e-10,0.0380847,3.16358e-06,0.000195988,0.000227812
img_03941.jpg,0.0178964,0.911545,8.28691e-05,6.96755e-06,0.0170892,0.000403473,0.0012638,0.0517128
img_07833.jpg,8.97148e-05,0.00210196,0.000634824,7.55237e-05,0.187201,0.0329033,0.77256,0.00443349
img_02799.jpg,0.00137201,0.000922547,0.152552,1.32407e-05,0.84492,1.36077e-08,8.90402e-05,0.000130616
img_05433.jpg,0.000297998,7.1629e-06,0.969863,1.26523e-06,0.0294847,0.000100849,3.9315e-07,0.000244522
img_05440.jpg,0.00639877,0.0980369,0.401344,0.000958803,0.483734,1.02518e-06,0.00493478,0.00459183
img_07508.jpg,4.6025e-05,1.61639e-05,0.992745,1.44357e-08,0.00628896,1.21954e-06,0.000226432,0.0006766
img_03195.jpg,0.000283284,9.319e-05,0.99804,0.000194508,0.00102213,0.000212672,2.80435e-06,0.000151895
img_07005.jpg,0.00436078,0.000175348,0.957398,0.00540543,0.0080743,1.86715e-05,5.05848e-06,0.0245621
img_05489.jpg,0.0213138,2.81271e-05,0.915669,8.15361e-07,0.0629785,6.60339e-08,2.53599e-07,9.60031e-06
img_03426.jpg,2.88375e-05,0.142581,0.845139,1.32903e-07,0.0102263,1.36683e-06,0.00176155,0.000262164
img_03760.jpg,1.35979e-06,3.24853e-08,0.271258,2.17852e-10,0.72868,1.74722e-08,1.16761e-07,6.1076e-05
img_04856.jpg,0.0730539,0.00172025,0.263048,0.201502,0.437925,0.00436105,0.0118268,0.00656291
img_02209.jpg,5.44466e-07,0.00026264,0.960272,2.08117e-05,0.00814642,0.0032533,2.56192e-05,0.0280187
img_00071.jpg,0.000727629,6.77694e-06,0.0365642,3.64241e-06,0.557702,0.00149704,0.130507,0.272991
img_00726.jpg,0.230116,0.0245956,0.351227,0.000854242,0.290213,0.0177884,0.01796,0.0672458
img_01888.jpg,0.0152808,7.92559e-05,0.791757,0.000104262,0.16764,0.0249638,6.45354e-08,0.000174573
img_03547.jpg,0.0212918,0.000460263,0.71683,8.17647e-07,0.248218,1.08947e-06,7.64719e-06,0.0131903
img_05426.jpg,0.00468806,0.0060446,0.707595,0.000244357,0.231044,0.00707516,9.02154e-05,0.0432183
img_07717.jpg,0.0191732,7.11267e-05,0.551205,0.000618961,0.421767,3.69999e-05,0.00154714,0.00558119
img_03490.jpg,2.05014e-05,1.57037e-08,0.99741,1.31471e-06,0.00246718,1.18555e-05,8.13657e-09,8.89446e-05
img_00005.jpg,0.277434,0.0295076,0.0570949,0.0165618,0.487442,0.0258429,0.0633553,0.0427614
img_01657.jpg,2.42303e-06,3.64696e-09,2.70356e-06,0.000536247,0.0708773,0.0520643,0.0100493,0.866468
img_00974.jpg,0.0232577,2.57403e-05,0.318199,0.000136683,0.65575,0.000462772,0.000982168,0.00118592
img_05264.jpg,0.000445156,0.000225825,0.0262521,9.09102e-07,0.0222412,0.797041,7.64812e-05,0.153717
img_06324.jpg,7.56121e-06,1.29235e-08,0.996938,2.01058e-08,0.00304964,6.84601e-07,1.03131e-06,3.18905e-06
img_00808.jpg,0.050288,0.735061,0.0914412,0.0564209,0.0310633,0.0200813,0.00329402,0.0123503
img_01090.jpg,0.737553,0.000101685,0.192297,6.96737e-09,0.00265575,0.000125509,0.00341976,0.0638473
img_02739.jpg,8.84479e-08,0.000598122,0.0053633,4.75833e-10,0.994029,3.43793e-08,8.79717e-06,8.02106e-07
img_02146.jpg,3.11621e-05,1.07052e-05,0.00641349,0.00022846,0.892313,0.000157281,0.01148,0.0893655
img_04285.jpg,7.51589e-06,1.15395e-06,0.990199,2.18015e-09,0.00979053,6.45072e-08,6.96718e-10,1.41967e-06
img_00646.jpg,0.0326682,0.00019335,6.77383e-09,0.0493854,0.739754,0.0666235,0.111364,1.09472e-05
img_00289.jpg,0.000188559,2.68959e-05,0.00116682,0.00622197,0.0429157,0.811013,0.0215489,0.116918
img_03181.jpg,3.07333e-05,4.9836e-05,0.930018,2.50566e-05,0.00778757,0.00111956,0.000437923,0.060531
img_00164.jpg,6.37687e-05,3.91012e-06,0.971123,6.94619e-10,0.0288093,1.00866e-08,5.54337e-08,4.08743e-08
img_06986.jpg,4.6489e-07,0.948565,0.0328552,1.47698e-06,0.0185689,1.04135e-07,1.47182e-06,7.20429e-06
img_03602.jpg,4.37686e-06,5.28708e-06,0.37079,0.000236968,0.000149317,0.0394276,2.41705e-05,0.589362
img_02702.jpg,0.0290886,0.000234353,0.0501215,0.079799,0.030791,9.57443e-06,0.000124247,0.809832
img_01955.jpg,0.000314702,0.000199972,0.0042575,9.69679e-09,0.994793,6.93909e-05,0.000331649,3.36458e-05
img_05222.jpg,0.00211823,0.000110966,0.951729,6.27459e-06,0.00218675,1.67996e-05,0.00596389,0.0378679
img_03410.jpg,1.24072e-07,5.71967e-05,4.21721e-06,0.00464651,4.81019e-06,0.835884,9.43307e-09,0.159404
img_04921.jpg,0.0160567,3.16153e-05,0.0482521,1.97985e-06,0.86533,0.0537485,0.000219028,0.0163606
img_06321.jpg,0.000352851,0.000606065,0.953169,5.84862e-08,0.0458694,2.37285e-06,2.85499e-07,3.11877e-09
img_06440.jpg,1.58081e-05,5.75767e-06,0.956188,4.49986e-07,0.0181394,0.00889796,7.90149e-06,0.0167445
img_02949.jpg,0.00895677,2.12471e-05,0.00407091,0.000243769,0.978559,0.00799313,0.000145212,1.02417e-05
img_03945.jpg,8.6938e-06,2.89018e-06,0.938076,0.000182333,0.000514579,0.0094567,1.634e-05,0.0517425
img_04015.jpg,0.24339,0.00864309,0.021772,0.00017842,0.0287499,0.0371677,0.0449882,0.61511
img_02766.jpg,3.42442e-05,7.97245e-05,0.0154432,0.101841,7.44335e-05,0.0341533,4.99088e-05,0.848324
img_01142.jpg,3.33793e-05,4.80446e-08,0.00988465,0.98659,0.00319012,0.000113432,1.49993e-07,0.000188469
img_04410.jpg,0.00235395,0.000161255,0.000668778,1.58529e-07,0.937062,0.000896757,0.058732,0.000124735
img_01379.jpg,0.0110773,0.041839,0.0463816,0.00582786,0.0981936,0.583915,0.000365678,0.2124
img_01366.jpg,0.178191,0.0474493,0.0706631,0.00380315,0.602504,0.0525,0.00288894,0.0420001
img_05828.jpg,0.141583,1.77557e-08,0.618744,1.88482e-08,0.153502,0.0861385,3.22631e-05,7.3572e-08
img_02082.jpg,0.000144588,6.42925e-07,4.32614e-05,1.00983e-09,0.998589,5.93391e-06,0.000379214,0.000837477
img_05492.jpg,6.24004e-06,5.87878e-09,1.64057e-08,0.00847162,0.675598,0.111376,0.203166,0.00138134
img_00493.jpg,0.00191483,0.000692471,0.56055,0.17031,0.0441025,0.19521,0.000820752,0.0263991
img_04129.jpg,1.01221e-06,4.10038e-07,0.988288,1.41729e-05,0.00656936,4.6701e-06,0.00297818,0.00214477
img_03210.jpg,6.23603e-05,0.999553,4.02326e-05,1.67398e-05,9.42385e-08,0.000321627,5.57547e-06,9.64288e-08
img_04640.jpg,1.20993e-05,5.66362e-08,0.90925,3.75549e-07,0.0906801,3.46075e-05,2.30248e-07,2.23841e-05
img_04712.jpg,0.0437899,7.71405e-06,0.00150944,3.93607e-06,0.953462,0.000693374,0.000387864,0.0001458
img_02372.jpg,0.00647314,9.76507e-08,0.993515,1.21078e-12,1.03308e-05,2.72618e-12,3.23618e-08,1.32031e-06
img_02749.jpg,0.338772,0.191166,0.194322,0.000229569,0.0175626,0.000794226,0.000114448,0.257039
img_01022.jpg,0.0922742,0.00293875,0.741034,0.0124923,0.00677843,0.00465252,0.00174381,0.138086
img_00285.jpg,7.88767e-06,5.16394e-05,0.19469,5.40518e-07,0.805102,0.000147646,1.64483e-10,1.56452e-07
img_06922.jpg,0.000572377,8.93446e-07,0.926447,2.35677e-05,0.0683167,0.000915296,2.3171e-05,0.00370075
img_02540.jpg,0.485323,0.0737585,0.0319333,7.09921e-05,0.354285,0.00448401,0.00563189,0.0445136
img_01831.jpg,0.151305,0.218886,0.30308,0.000512389,0.0248316,0.00379055,0.00087127,0.296723
img_00575.jpg,0.0348821,0.00110585,0.584911,2.65703e-05,0.124778,0.177767,0.0574675,0.0190619
img_04247.jpg,0.00413114,1.0959e-06,0.180321,6.33611e-07,0.815279,0.000245271,1.7034e-05,4.90137e-06
img_02666.jpg,0.000522815,3.08864e-06,0.0121802,0.32907,0.0220444,0.0157029,0.00513508,0.615341
img_06285.jpg,0.000640786,0.0111356,0.270785,9.46613e-13,2.45538e-07,5.3967e-08,0.249727,0.467711
img_00172.jpg,0.0016166,0.00169171,0.990846,5.44986e-06,0.00448238,0.000751207,0.000596284,1.0796e-05
img_07590.jpg,0.00251641,1.24084e-07,0.997318,4.08437e-08,6.52046e-05,6.12757e-09,1.00657e-07,0.000100357
img_06975.jpg,0.00133716,0.000759675,0.43759,2.65482e-05,0.527295,0.0328913,8.08894e-05,1.90773e-05
img_05568.jpg,0.026231,0.000572037,0.0696873,0.0103772,0.88285,0.00332966,0.00377138,0.00318116
img_05595.jpg,0.00415792,0.676605,0.209356,0.000260195,0.014856,0.0911703,0.00342003,0.000174002
img_05087.jpg,0.00616584,0.0718942,0.0261469,0.0504913,0.00991945,0.167345,0.026788,0.64125
img_00590.jpg,0.000446676,1.9655e-08,0.909744,3.43695e-08,0.089804,2.4175e-06,2.65231e-08,3.06517e-06
img_04507.jpg,2.64933e-06,0.000127702,0.000659672,1.83829e-09,1.63609e-08,7.32965e-08,7.10212e-05,0.999139
img_00180.jpg,0.0125953,0.00376163,0.174748,5.59084e-09,0.024337,0.0491876,0.734728,0.000642018
img_02889.jpg,3.388e-05,0.000365962,0.991907,0.000189287,0.00733955,1.58186e-05,2.28438e-05,0.00012614
img_04263.jpg,0.00225918,6.17737e-08,0.0157613,1.42557e-05,0.929539,0.0501267,0.00229907,2.91521e-09
img_05276.jpg,5.77172e-05,3.67153e-05,0.999899,2.89006e-09,4.49825e-06,1.28349e-10,2.64945e-07,1.50028e-06
img_07818.jpg,0.0167276,0.000430031,0.0139052,5.4194e-06,0.967328,2.85228e-09,0.00109243,0.000510789
img_04476.jpg,0.0218386,0.000395097,0.932827,5.93845e-05,0.0430012,0.00166224,4.52265e-06,0.000212379
img_00282.jpg,0.207948,0.0936111,0.12006,0.0025816,0.414363,0.105568,0.0253011,0.0305664
img_02687.jpg,0.00862641,0.000725076,0.413339,2.15104e-06,0.552554,4.09865e-06,0.00119016,0.023558
img_02920.jpg,0.00915033,0.0320632,0.825944,0.0618586,0.0184576,0.00795562,0.000958844,0.0436119
img_02172.jpg,1.33799e-06,2.70554e-09,0.926142,0.0724323,0.00142068,5.37879e-08,8.8097e-11,3.57459e-06
img_07348.jpg,2.09086e-06,5.19818e-09,0.990764,1.9955e-07,0.00916009,6.94511e-12,7.3232e-05,4.87687e-08
img_01803.jpg,0.000311022,3.17838e-05,0.539684,0.447097,0.000126083,0.000361167,0.000446757,0.0119427
img_01222.jpg,0.0116325,9.741e-05,0.042995,0.000184457,0.572244,0.303251,0.00238592,0.0672094
img_06302.jpg,0.0263461,0.00467819,0.0170685,0.015728,0.0192275,0.0256855,0.00026561,0.891001
img_07893.jpg,5.88686e-07,8.48545e-08,0.985094,5.10138e-09,0.0149057,4.41468e-10,1.65447e-09,3.30379e-09
img_05015.jpg,0.00264163,0.00198365,0.853882,0.0357022,0.0564378,0.0094168,0.000629718,0.0393064
img_07224.jpg,0.00348473,0.000561879,0.968765,0.000118495,0.0215642,3.44837e-05,0.000225448,0.00524609
img_07352.jpg,0.390575,0.0583366,0.0241934,2.49348e-07,0.186064,0.00549387,0.333628,0.00170953
img_01640.jpg,2.36323e-09,0.00162667,0.042375,4.69709e-10,0.955997,8.14954e-11,7.76778e-07,2.64269e-07
img_05908.jpg,0.000102366,3.85235e-06,0.973169,5.18402e-07,0.0267149,2.50842e-07,3.65983e-06,5.40735e-06
img_04013.jpg,2.66211e-06,2.95897e-06,0.999689,7.46727e-09,0.000304422,1.41185e-06,4.96383e-10,1.46919e-08
img_01224.jpg,0.000598996,0.830642,7.45595e-05,6.24215e-07,0.166044,2.05855e-05,0.000149867,0.00246902
img_07419.jpg,4.10948e-07,3.5426e-11,6.22886e-09,3.12077e-05,0.589685,8.64395e-05,0.409991,0.000206617
img_07160.jpg,0.00549845,0.0111231,0.900631,0.035827,0.0410036,4.76119e-05,0.00286673,0.00300285
img_03444.jpg,0.00683126,1.56529e-06,0.00324116,9.74524e-06,0.97071,0.000272941,0.00136349,0.0175698
img_05722.jpg,0.00873006,1.13281e-05,0.710104,2.6433e-06,0.280977,8.26442e-05,2.44907e-05,6.82029e-05
img_03943.jpg,9.97437e-06,0.000275995,0.862392,0.00159511,0.0560431,0.00569064,0.073213,0.000780616
img_05640.jpg,0.00787985,0.129743,0.0101899,0.0388055,0.0142206,0.719448,0.0302228,0.0494903
img_06959.jpg,0.0918429,0.0922302,0.553403,0.00831241,0.108118,0.0430753,0.0972946,0.00572348
img_07628.jpg,0.000943819,0.000129756,0.163936,0.00880046,0.00698248,0.00144935,0.00017852,0.81758
img_05293.jpg,4.40413e-07,1.71053e-06,0.997818,1.74463e-08,0.00217857,3.60198e-09,2.41036e-08,8.94944e-07
img_05475.jpg,0.000147152,0.019162,0.0423155,1.78873e-07,0.00119236,2.26217e-05,0.000174323,0.936986
img_00473.jpg,0.000170563,4.83443e-06,1.14076e-05,0.0893898,0.00229062,1.89105e-05,2.50149e-06,0.908111
img_02974.jpg,0.0227588,0.00451858,0.273714,0.00561646,0.0147785,0.00274119,0.000978472,0.674894
img_02077.jpg,0.847107,0.000264497,0.104751,2.55781e-06,0.00401238,3.23546e-05,0.000831242,0.0429985
img_06832.jpg,0.00582967,0.100496,0.00185128,0.0125355,0.0044579,0.0136752,0.00377792,0.857376
img_06690.jpg,0.00201384,0.100304,0.000439623,0.730796,0.152307,0.00547757,0.00830656,0.000355383
img_01426.jpg,4.66509e-07,9.84799e-10,0.999976,4.29693e-11,2.99951e-06,1.59269e-08,1.52234e-11,2.07177e-05
img_07051.jpg,3.99758e-09,4.54045e-08,0.0654514,1.42346e-06,0.00137144,1.9289e-07,8.92356e-10,0.933175
img_07318.jpg,8.40357e-06,9.7022e-08,1.02245e-07,1.37338e-06,0.410185,2.45493e-06,0.589803,4.51301e-08
img_00027.jpg,0.0133414,0.0659942,0.453308,0.00616259,0.342944,0.000183488,0.0887935,0.0292735
img_06616.jpg,0.000710863,3.01647e-05,0.985715,1.62083e-05,0.0132307,0.000291321,8.04677e-08,5.85605e-06
img_07319.jpg,4.4561e-05,1.22008e-08,0.704167,3.39347e-09,0.295774,9.75925e-06,8.10083e-09,4.11008e-06
img_02416.jpg,0.00019206,5.36616e-09,0.728298,1.50428e-07,0.271506,1.63375e-07,9.68217e-08,3.31611e-06
img_02734.jpg,0.0101315,0.00723506,0.0072355,0.000997528,0.968496,0.00194768,0.00384789,0.000109063
img_03563.jpg,0.549074,2.24597e-06,2.18758e-06,7.18243e-07,0.450475,1.97454e-05,0.000270523,0.000155687
img_02422.jpg,0.000218678,2.98088e-06,0.866244,2.32015e-06,0.133519,9.86642e-06,1.27291e-06,1.83023e-06
img_07156.jpg,0.00579852,0.0137633,0.118478,0.000335586,0.0655098,0.000224023,0.779238,0.0166524
img_05439.jpg,0.00122023,0.932278,6.33873e-05,1.78548e-07,0.000687343,7.31686e-05,4.08261e-06,0.065674
img_06571.jpg,0.0141948,7.94398e-05,0.443772,0.0665173,0.00758229,8.85974e-05,9.38792e-06,0.467756
img_01825.jpg,0.0102084,0.0198395,0.256716,5.62862e-05,0.0628598,0.00102701,0.0450987,0.604194
img_05754.jpg,0.000172442,4.03182e-06,0.987692,3.21186e-06,0.00600165,0.00295151,2.68027e-05,0.00314801
img_02347.jpg,0.00326159,1.75043e-05,0.711597,0.000170773,0.00315196,1.92314e-05,5.89951e-08,0.281782
img_06311.jpg,0.000333635,0.0429026,0.647832,1.21938e-05,0.288534,2.96731e-05,0.000774839,0.0195815
img_01593.jpg,4.74444e-06,4.67381e-09,0.986652,2.57814e-08,0.0132156,6.8799e-06,5.55806e-08,0.000120581
img_02291.jpg,1.18629e-05,1.44794e-05,1.08334e-05,0.00158734,8.24077e-06,0.0024697,2.54085e-05,0.995872
img_03229.jpg,0.000200585,2.85935e-08,0.993246,3.67536e-07,0.00652343,4.48112e-06,1.11368e-08,2.48081e-05
img_00311.jpg,3.13766e-10,0.000527274,0.00113456,1.55316e-11,0.998337,2.54485e-11,1.12736e-06,1.90583e-07
img_05251.jpg,5.71466e-05,8.28692e-07,0.980662,9.61711e-08,0.019279,8.88556e-07,2.28735e-10,2.55849e-08
img_02119.jpg,0.0169178,0.00042229,0.274431,0.0077204,0.638099,3.89649e-05,0.0619508,0.000419441
img_01856.jpg,2.29287e-11,3.47307e-05,0.999518,0.000255316,2.56842e-06,3.93113e-11,1.52383e-09,0.00018907
img_02769.jpg,0.000235083,3.46412e-09,4.9098e-08,6.52232e-09,0.990716,0.000300685,0.00863687,0.000110965
img_05539.jpg,0.165461,0.0736103,0.325118,0.0171834,0.355489,0.0327893,0.00632329,0.0240255
img_05548.jpg,0.00019629,2.7601e-05,0.826309,3.23743e-07,0.171375,5.7909e-08,2.61997e-06,0.00208865
img_03674.jpg,0.000477902,0.00171237,0.542722,0.000382155,0.166829,0.205263,0.082395,0.000218159
img_04740.jpg,0.00780892,0.0186832,0.0136513,1.03617e-05,0.936802,0.00265562,0.00228395,0.0181045
img_06373.jpg,2.88588e-05,8.32146e-05,1.24238e-05,9.89445e-07,0.762325,0.000266877,0.237282,8.79804e-08
img_02124.jpg,2.12923e-06,6.1572e-05,0.917439,2.76523e-05,0.000466711,0.0108833,0.000180403,0.0709387
img_05084.jpg,0.000666157,0.0826002,0.861132,4.61652e-06,0.0553587,0.000200987,3.67637e-05,9.39956e-07
img_06521.jpg,0.000208807,3.64939e-08,0.375038,6.42797e-10,0.624742,2.32276e-06,6.65425e-09,8.53563e-06
img_04237.jpg,4.41481e-08,0.00102921,0.995133,5.79311e-05,0.00347218,6.17204e-09,8.70124e-11,0.000307514
img_00894.jpg,0.0319756,0.00139851,0.036997,0.000668934,0.18077,0.00914343,0.144993,0.594053
img_00292.jpg,0.000943181,0.000168672,0.11926,1.18586e-05,0.879413,4.75008e-06,1.40957e-05,0.000184428
img_07448.jpg,1.87424e-05,1.77549e-05,0.746727,0.197164,0.0011537,0.0400445,1.14145e-06,0.0148734
img_03527.jpg,0.000548957,1.49842e-07,0.0134528,0.000131387,3.02357e-06,0.000395869,1.477e-05,0.985453
img_03801.jpg,6.6841e-06,0.0179604,0.467531,0.000399087,0.510168,3.39996e-06,3.14851e-06,0.00392784
img_06673.jpg,0.370194,0.00442739,0.616453,7.06086e-05,0.00670528,0.000123842,0.0018373,0.000189194
img_07428.jpg,2.12582e-06,0.134854,0.000214311,3.81514e-07,0.861792,0.000182914,0.00294365,1.035e-05
img_04750.jpg,0.000638226,3.56481e-05,0.00564322,0.00137889,0.00115152,0.00959337,0.00104037,0.980519
img_05948.jpg,0.00215925,0.000557932,0.00763908,0.208876,0.00130679,0.567776,5.99782e-05,0.211625
img_00152.jpg,3.80711e-05,7.28363e-10,8.26302e-09,1.03758e-05,0.346911,0.000132302,0.652906,2.22398e-06
img_00654.jpg,2.20814e-05,4.09051e-07,0.00124631,0.889934,0.000248408,0.0638144,2.55397e-05,0.0447085
img_03074.jpg,0.00658952,0.000713489,0.779062,0.0778529,0.0148714,0.0072488,0.0107579,0.102904
img_05156.jpg,0.194015,0.0952994,0.407372,0.00176612,0.213268,0.0521886,0.00326498,0.0328261
img_05682.jpg,3.24064e-05,0.000219813,0.720773,7.28375e-08,0.277526,0.00144775,1.91596e-07,8.50515e-07
img_00046.jpg,0.00798668,1.86917e-06,0.982228,3.75919e-06,0.00971042,3.19619e-06,1.92932e-06,6.38944e-05
img_01745.jpg,0.0232974,5.15413e-05,0.0715502,0.00308744,0.896288,0.00326609,0.00165858,0.000800513
img_03488.jpg,0.0057042,0.000212456,0.434644,0.000187271,0.262713,0.0011365,0.279468,0.0159348
img_05438.jpg,0.126936,0.00402643,0.0617254,0.00722258,0.634399,0.0479126,0.0313411,0.0864377
img_03087.jpg,0.0680942,0.0102912,0.201895,3.96008e-05,0.718928,0.000157823,0.000535641,5.8973e-05
img_02285.jpg,0.313108,6.29649e-07,0.686855,2.44025e-10,2.46088e-06,1.36978e-06,7.37241e-08,3.19172e-05
img_06237.jpg,1.54242e-05,3.03747e-07,0.410283,0.549461,0.00159128,0.0330965,1.1393e-07,0.00555232
img_00446.jpg,0.00391527,0.0659824,0.0271276,1.59174e-06,0.759704,0.000206535,0.137338,0.00572503
img_05445.jpg,0.0372033,0.680859,0.000892179,0.000671184,0.00432371,0.00166655,0.00512729,0.269257
img_04830.jpg,0.00212277,1.51119e-06,0.997834,2.09078e-12,1.32057e-05,1.21351e-10,3.61812e-07,2.83365e-05
img_06807.jpg,0.00528459,4.8384e-06,0.681302,6.32407e-07,0.313167,7.50796e-06,4.52855e-05,0.000187578
img_06294.jpg,0.00163813,2.00268e-08,0.986524,4.51185e-08,0.00952116,0.00230892,7.90901e-06,5.81059e-09
img_06798.jpg,0.000162438,0.000113728,5.95204e-05,7.5908e-06,0.0369408,0.179156,0.0897075,0.693853
img_01188.jpg,0.0143165,0.000878672,0.679178,1.9826e-05,0.303009,0.00255536,1.10609e-05,3.16136e-05
img_05857.jpg,0.0179334,0.000785722,0.100852,0.00066917,0.705319,7.222e-05,0.000933358,0.173435
img_04419.jpg,0.00041735,6.30765e-06,0.00551289,0.00215806,0.0170028,0.815263,0.000689325,0.158951
img_05284.jpg,0.000115075,1.98849e-07,0.0270562,2.60017e-06,0.972224,3.63544e-09,7.60572e-11,0.000602017
img_07278.jpg,1.64127e-08,0.00017008,0.00185874,4.01686e-11,0.997965,6.4149e-09,6.04554e-06,1.3491e-07
img_00587.jpg,0.00189307,0.0241699,0.257087,0.000733946,0.180746,0.00478622,0.529969,0.000614745
img_07543.jpg,0.00569555,0.000242507,0.155635,3.39034e-05,0.0777048,1.37568e-06,0.741039,0.0196484
img_03238.jpg,4.37067e-09,2.18917e-07,0.980583,4.95644e-08,0.019412,4.76047e-06,2.96757e-08,3.61362e-07
img_04257.jpg,0.000745395,1.33482e-07,0.998875,3.64967e-07,0.000378728,6.73751e-09,4.16666e-09,5.80087e-07
img_05735.jpg,8.4119e-06,0.000122515,0.97131,8.83333e-08,0.0285339,4.49311e-07,1.15224e-05,1.28452e-05
img_01996.jpg,0.00371226,1.2282e-05,0.857193,1.36612e-05,0.133156,0.00242036,4.92769e-05,0.00344296
img_05074.jpg,3.87746e-05,8.37571e-06,0.0545303,0.000462756,0.00733183,0.033189,0.000442984,0.903996
img_04642.jpg,0.000267096,4.12761e-05,0.0925018,7.67098e-06,0.895773,0.000447531,0.0109166,4.55266e-05
img_07659.jpg,1.25707e-05,4.8001e-09,0.803353,9.38862e-09,0.196618,1.82814e-08,2.64806e-07,1.61665e-05
img_04138.jpg,0.00396825,0.00059572,0.160001,0.000158314,0.226867,0.000357387,0.440307,0.167746
img_07467.jpg,0.000226064,0.000496347,0.0163142,7.44371e-07,0.982839,1.97207e-09,0.000100144,2.35945e-05
img_05794.jpg,0.00528022,0.00274321,0.0179601,0.00190983,0.00155471,0.109258,0.648707,0.212587
img_06637.jpg,0.00456636,5.75542e-05,0.981994,0.00733683,0.00543975,3.90148e-05,4.16244e-06,0.000562357
img_07746.jpg,0.0115258,0.00578495,0.40404,0.000308024,0.0437611,0.389186,0.0368296,0.108565
img_07616.jpg,0.0100874,0.000143225,0.338078,0.000549164,0.649465,0.00112034,0.000345003,0.000212199
img_00584.jpg,0.0417687,0.023188,0.722325,0.0850426,0.0798654,0.0168413,0.00401431,0.0269548
img_01782.jpg,2.74195e-05,4.45078e-05,0.999103,4.91792e-05,8.04616e-05,1.47428e-05,0.0002678,0.000412529
img_03809.jpg,1.58307e-07,1.30117e-06,3.85941e-09,3.95594e-12,1.43575e-07,7.038e-10,2.00719e-12,0.999998
img_06800.jpg,2.03151e-06,4.18932e-05,0.995251,0.00262399,0.000816038,5.0379e-05,1.92302e-07,0.0012142
img_03254.jpg,6.743e-05,1.67516e-05,0.96536,3.23743e-05,0.00601552,0.00379974,4.99698e-05,0.0246583
img_04073.jpg,0.000742249,0.00500451,0.815871,4.22544e-07,0.177964,2.13033e-05,3.87779e-07,0.000395768
img_00730.jpg,8.84257e-05,3.58529e-08,0.973785,2.77742e-09,0.0261233,1.02124e-06,6.21619e-09,1.673e-06
img_07553.jpg,0.195867,0.413913,0.252731,0.00027703,0.119493,0.00196897,0.00578294,0.00996658
img_00550.jpg,0.0883982,0.00057553,0.85661,0.00386196,0.0345423,0.000430575,0.000375012,0.0152064
img_05692.jpg,0.0219662,0.375902,1.49898e-05,0.000632935,0.418897,0.0406487,0.14171,0.000228758
img_07192.jpg,1.63788e-09,0.0469297,1.45344e-05,3.47737e-07,1.2068e-05,0.0841815,1.29816e-08,0.868862
img_02954.jpg,0.0148276,0.0213042,0.0417057,0.23924,0.00620908,0.0140623,0.00587709,0.656774
img_02252.jpg,0.000110107,0.00158613,1.91794e-05,2.218e-05,0.997424,1.39129e-05,8.99935e-05,0.000735046
img_06001.jpg,0.00557091,0.00663354,0.606202,0.0494493,0.00707411,0.00287941,0.00305245,0.319138
img_05813.jpg,0.0164609,0.00184469,0.275219,0.00136531,0.0371878,0.00101625,0.00546685,0.661439
img_01984.jpg,0.00587753,0.00174352,0.103239,0.842116,0.0159383,0.000541608,0.000117492,0.0304264
img_01616.jpg,0.00359326,2.74656e-05,0.95703,1.10934e-06,0.0365271,1.1403e-05,0.000113031,0.00269703
img_01384.jpg,0.0160525,0.0121584,0.00350671,0.000217063,0.0815946,0.00194646,0.0674131,0.817111
img_04369.jpg,0.00168018,5.6229e-05,0.595566,5.206e-06,0.402583,3.76402e-05,1.13259e-05,6.05418e-05
img_06947.jpg,0.00638146,0.0128101,0.952352,0.00127843,0.00539548,0.000209906,0.0040335,0.0175387
img_06273.jpg,0.0118781,0.0251736,0.0269325,0.0640427,0.0177707,0.00644818,0.0147987,0.832955
img_05328.jpg,0.00454541,3.16634e-07,0.993675,1.85751e-08,0.00044931,6.43313e-07,5.69218e-06,0.00132341
img_07354.jpg,0.145728,7.86344e-05,0.720643,0.0182655,0.0854332,2.45839e-06,6.9577e-07,0.0298483
img_03764.jpg,6.65425e-05,0.446917,0.316362,0.00421669,0.221093,0.000443338,0.00248808,0.00841277
img_00833.jpg,0.00460127,1.71608e-07,0.153031,7.69335e-09,0.842058,0.000282109,2.15193e-06,2.53741e-05
img_07426.jpg,8.24331e-05,5.65503e-05,0.0005438,1.05678e-07,0.981553,6.06139e-07,0.0177626,8.05371e-07
img_06608.jpg,0.0671099,0.116448,0.00257566,0.000905301,0.326219,0.404903,0.051581,0.0302582
img_01834.jpg,0.00591287,0.195476,4.07075e-05,0.000595887,0.796343,0.000325836,0.00130096,4.60098e-06
img_02398.jpg,0.104445,0.00189066,0.0235934,0.00056714,0.125907,0.0130608,0.000196906,0.73034
img_05603.jpg,1.69216e-05,5.16819e-07,0.553749,0.320541,0.0105977,0.108119,4.74853e-07,0.00697538
img_03867.jpg,1.34483e-06,0.000120594,0.0118953,2.12502e-06,3.15351e-07,1.55478e-06,1.55044e-05,0.987963
img_00982.jpg,4.99971e-06,6.92814e-09,0.843063,1.26703e-09,0.156869,9.43671e-08,1.78422e-07,6.24955e-05
img_05755.jpg,2.04174e-07,0.000632803,0.000289229,8.42461e-07,0.991021,0.000135678,0.00781009,0.000110238
img_07700.jpg,0.195656,0.173732,0.300292,6.85353e-05,0.220284,9.97341e-05,0.0100357,0.0998324
img_04520.jpg,0.00188728,4.47937e-07,0.000207265,4.88526e-07,0.9975,3.1693e-05,0.000249002,0.000124195
img_02006.jpg,0.000216696,3.94268e-05,0.00147882,3.00875e-05,0.977493,1.48654e-06,0.0207261,1.49058e-05
img_03116.jpg,0.0408227,0.00425933,0.815608,0.00961896,0.0891986,0.00357885,0.0367763,0.000137622
img_00398.jpg,0.000620497,1.82876e-09,0.00235776,1.86544e-07,0.99702,1.89025e-09,7.73256e-07,5.81011e-07
img_03456.jpg,2.91037e-05,0.0553365,0.896167,0.00157042,0.0224862,1.99675e-07,0.0243585,5.22089e-05
img_00729.jpg,0.00737909,1.02748e-07,0.978272,4.42693e-09,0.0143467,1.07751e-07,1.68758e-07,2.3341e-06
img_04675.jpg,7.35619e-05,6.39762e-05,0.00580983,0.0159648,0.864745,0.0054534,0.0644918,0.0433979
img_05349.jpg,0.000247447,0.101314,0.146858,0.00251642,0.114996,0.383995,2.87232e-07,0.250073
img_01781.jpg,0.0446168,5.96164e-05,0.946586,1.55281e-07,0.00788475,0.000229909,0.00061785,5.15188e-06
img_05236.jpg,3.13828e-06,8.732e-08,0.919059,2.67287e-07,0.0809116,2.58461e-05,1.62722e-09,9.04526e-08
img_00773.jpg,0.000806197,0.000285607,0.98771,2.97089e-05,0.0084153,6.30962e-05,0.000128728,0.00256159
img_03290.jpg,1.96385e-06,5.82202e-06,0.992156,1.60563e-06,0.00755058,0.000283239,6.17273e-08,5.93147e-07
img_05186.jpg,0.133327,1.16885e-07,0.133894,8.49169e-08,0.718092,0.014686,7.30091e-07,8.45554e-09
img_04546.jpg,4.20735e-05,1.517e-08,1.62588e-07,1.20696e-07,0.166586,4.4545e-05,0.833325,2.23227e-06
img_05718.jpg,0.000674062,9.90349e-05,0.998827,8.95351e-07,0.000195203,0.000202075,5.9066e-09,1.42096e-06
img_04860.jpg,0.00188324,0.768651,1.11541e-05,3.70131e-07,0.000166844,4.49895e-06,2.39654e-05,0.229259
img_05896.jpg,0.00494764,3.54874e-05,0.541739,0.000273126,0.0113794,1.70539e-05,8.82708e-05,0.44152
img_04128.jpg,4.35123e-05,5.3581e-06,0.964224,5.61427e-09,0.0270453,1.97436e-10,2.06832e-09,0.00868186
img_04766.jpg,0.000228532,0.88999,0.104048,0.000821569,0.00076379,0.0040339,6.16619e-05,5.29944e-05
img_01134.jpg,0.173315,0.206346,0.00300711,0.000191887,0.506401,0.00286422,0.00955157,0.0983229
img_03652.jpg,0.000418765,5.65211e-07,0.0283791,0.00627084,0.0133802,0.911364,0.000203663,0.039983
img_03361.jpg,8.24645e-09,3.21375e-09,9.54429e-08,3.98169e-09,0.999991,9.07957e-06,1.06101e-09,4.49145e-08
img_01171.jpg,0.928191,0.00167643,0.0306058,2.22093e-06,0.00527223,0.000328152,0.0334867,0.000437675
img_00533.jpg,6.68709e-06,1.43042e-07,0.992259,2.37482e-08,0.0076927,1.92433e-05,1.97866e-08,2.18003e-05
