image,ALB,BET,DOL,LAG,NoF,OTHER,SHARK,YFT
img_06909.jpg,0.943995,1.72631e-06,0.0022271,2.60729e-05,0.00576043,0.000268595,1.08565e-05,0.04771
img_07103.jpg,1.0,3.11461e-09,1.32317e-10,9.1425e-13,7.51987e-08,4.90451e-10,2.26009e-08,7.35472e-08
img_04118.jpg,0.649964,0.00153276,0.315418,8.62835e-05,0.0216079,0.000610953,4.45574e-06,0.0107756
img_03043.jpg,0.00695906,0.00293326,0.455191,9.84683e-12,0.000497385,0.000382877,1.01123e-08,0.534036
img_06916.jpg,0.999742,3.07862e-05,1.40528e-05,1.27435e-06,0.000203969,7.53763e-06,3.49632e-11,4.57857e-07
img_01431.jpg,0.914217,0.00155881,0.000212467,0.00936749,5.56505e-06,0.0626232,0.000516072,0.0114995
img_01058.jpg,0.385595,0.000608007,2.66208e-07,1.57471e-08,9.68009e-07,1.41729e-05,0.000126484,0.613655
img_01249.jpg,0.160161,1.46531e-05,0.00177258,0.000105615,0.837514,2.4803e-05,0.000334455,7.34788e-05
img_07505.jpg,0.999956,1.71043e-05,1.04302e-06,8.2101e-07,2.49711e-05,1.41084e-07,2.55466e-10,4.48353e-07
img_03223.jpg,0.999687,0.00014739,5.11994e-05,3.37655e-09,3.83189e-07,4.54075e-06,1.14869e-05,9.79861e-05
img_02703.jpg,0.269258,2.98712e-07,7.21109e-05,6.75122e-07,7.41768e-05,6.12911e-06,3.88484e-07,0.730588
img_02943.jpg,0.996222,5.58369e-05,3.43143e-08,0.000721862,0.00286481,0.000104852,5.16375e-07,3.05249e-05
img_00828.jpg,2.22583e-08,5.7449e-11,1.97178e-11,3.69486e-15,1.0,3.47544e-12,2.68125e-12,2.94838e-09
img_04130.jpg,1.0,2.57109e-09,1.01046e-10,2.79267e-12,2.55879e-07,1.47243e-09,3.41722e-08,7.58641e-10
img_00417.jpg,0.292973,0.000212105,8.49657e-05,1.39197e-07,1.69112e-05,1.48328e-06,4.56992e-05,0.706665
img_03670.jpg,0.999568,6.63669e-10,4.34768e-13,9.08744e-15,0.000431994,1.62665e-14,5.16645e-13,8.90815e-12
img_00708.jpg,0.0314268,0.000111424,0.00449567,0.00334629,1.99987e-05,0.0763253,1.00982e-05,0.884264
img_03082.jpg,0.965918,0.000368289,6.33098e-05,1.60732e-07,5.38932e-07,0.000860664,3.65941e-06,0.0327855
img_05459.jpg,0.999971,9.65577e-10,2.81013e-05,5.63048e-07,4.74468e-07,2.50294e-08,8.04434e-10,3.17825e-09
img_07120.jpg,0.993547,2.45995e-06,3.991e-06,8.05437e-08,0.000413627,1.52848e-06,2.60364e-07,0.00603141
img_06165.jpg,0.139773,4.83131e-06,1.88477e-05,4.05744e-10,2.78173e-07,0.000244603,6.20061e-08,0.859958
img_06506.jpg,0.999764,2.42121e-06,1.1742e-09,7.13677e-09,2.9066e-07,1.58521e-06,1.42335e-08,0.000231387
img_00223.jpg,0.987224,8.97603e-06,0.0127231,1.68485e-07,2.12588e-07,3.90959e-05,4.1901e-06,8.17308e-08
img_03520.jpg,0.999996,3.00552e-07,1.11812e-07,8.29243e-08,1.79761e-07,3.13591e-07,7.62974e-10,2.49201e-06
img_05950.jpg,0.999827,0.000104038,2.08656e-08,1.94109e-07,6.01115e-05,9.04674e-07,8.23912e-06,4.56055e-08
img_06547.jpg,0.992012,3.99588e-06,4.37806e-05,2.78228e-08,0.000649999,2.01992e-07,2.34263e-05,0.00726635
img_04726.jpg,8.44546e-08,1.10563e-10,1.66954e-11,3.31518e-15,1.0,1.06888e-13,2.52988e-14,8.47798e-12
img_05292.jpg,0.997955,0.000265719,5.53501e-05,4.47865e-08,0.00010659,0.00156553,1.48401e-05,3.65274e-05
img_01213.jpg,0.998876,0.000425895,0.000477826,5.2396e-06,9.89454e-05,1.85119e-06,2.4958e-10,0.000114127
img_06186.jpg,0.999975,2.65393e-09,1.24885e-06,9.37407e-07,2.07188e-05,1.821e-06,1.15807e-11,2.00536e-08
img_00030.jpg,0.99435,7.64759e-05,0.00138336,1.06005e-07,0.000837618,2.39053e-05,0.000256627,0.00307222
img_06259.jpg,4.54339e-10,9.3705e-11,2.82562e-10,3.71137e-18,3.14057e-15,3.41236e-14,1.41281e-14,1.0
img_07054.jpg,0.00161066,0.707284,3.12097e-09,1.69924e-13,1.42955e-06,1.21855e-08,5.28523e-08,0.291104
img_02865.jpg,6.61113e-05,1.75295e-05,3.37283e-07,2.88808e-12,0.9999,7.16407e-09,2.15623e-08,1.62178e-05
img_02890.jpg,0.0450632,0.00534017,0.0257296,0.000393262,0.000111121,0.923157,2.65292e-05,0.000179023
img_05210.jpg,0.961869,6.35093e-05,3.84079e-05,9.97101e-10,0.0378888,0.000130078,7.31301e-08,9.85432e-06
img_05322.jpg,0.984236,0.000230987,5.75687e-05,4.77365e-07,0.00839153,3.09747e-05,4.01263e-05,0.0070124
img_07023.jpg,0.968987,5.35666e-08,5.23081e-08,7.84062e-09,1.56605e-06,4.01339e-08,0.000133531,0.0308774
img_02838.jpg,0.760207,0.0059677,0.00219212,2.30764e-06,0.000484205,0.000237406,0.000195354,0.230714
img_04233.jpg,0.0487441,0.000340118,0.00591585,0.000431769,0.588803,0.00514298,2.12291e-06,0.35062
img_01689.jpg,0.000404787,0.0563955,0.0168055,2.281e-10,0.000149385,4.29869e-05,9.73009e-08,0.926202
img_01632.jpg,0.983061,0.00370705,0.00111929,8.26785e-06,0.0108146,0.000271031,0.000224524,0.000793859
img_07594.jpg,0.0902755,0.00392374,0.000270065,2.66926e-06,0.0373622,0.016184,0.00410617,0.847876
img_07143.jpg,6.67154e-07,1.05063e-08,2.43183e-05,3.81668e-09,0.999749,0.000226209,1.08159e-11,3.32482e-09
img_03422.jpg,0.999999,1.65713e-08,1.84638e-10,8.6281e-08,3.22074e-07,1.02669e-09,3.80651e-07,5.38406e-09
img_00599.jpg,0.148495,1.53376e-05,4.13083e-08,9.73256e-06,2.59957e-07,2.24818e-06,4.36573e-09,0.851477
img_02188.jpg,0.999304,8.00674e-07,0.000373385,1.01633e-06,9.95308e-06,6.21329e-07,1.15171e-06,0.000308915
img_01552.jpg,0.994776,0.00019093,0.000328753,3.1326e-06,0.0030715,0.000120533,0.000532943,0.000976115
img_03628.jpg,0.996265,0.00068891,1.66568e-05,1.10874e-08,0.00176981,1.70058e-11,9.29666e-07,0.0012584
img_05026.jpg,0.999866,9.00212e-05,2.53033e-06,1.33905e-09,2.53021e-05,8.19208e-08,1.59303e-05,4.60588e-07
img_01490.jpg,0.0016849,0.000102908,0.00789263,1.06501e-09,0.000118602,1.51882e-08,3.99887e-09,0.990201
img_01211.jpg,0.999738,1.19969e-06,6.65264e-07,2.47769e-10,2.24851e-05,2.38961e-06,4.48147e-07,0.000235114
img_04422.jpg,5.87482e-05,0.999139,1.02733e-10,4.35679e-14,0.00015436,6.40528e-07,5.73931e-08,0.000646809
img_06845.jpg,0.999451,0.000350263,5.64502e-05,1.16959e-05,4.98244e-05,5.5362e-05,2.42902e-07,2.56064e-05
img_03805.jpg,0.876486,8.89223e-07,0.123465,4.1774e-06,2.56658e-05,9.19061e-06,3.38853e-07,8.94829e-06
img_00914.jpg,5.09169e-07,9.82451e-05,0.00570391,3.6453e-06,0.970744,0.000253068,1.68956e-09,0.023197
img_04879.jpg,0.415292,0.0197852,6.33029e-06,8.05523e-05,0.000245073,0.562531,7.28938e-08,0.00206041
img_00432.jpg,3.34602e-05,9.05568e-09,0.0637694,1.55343e-08,0.936151,4.6281e-05,2.01917e-09,9.51909e-09
img_00007.jpg,0.972598,2.78591e-05,0.000352973,0.022156,0.00260247,0.00208972,2.03986e-07,0.000173072
img_00133.jpg,6.3015e-06,2.0023e-07,4.37062e-10,5.23073e-10,0.999053,1.77448e-05,1.30126e-05,0.000909471
img_02808.jpg,0.999998,3.36085e-08,2.64296e-10,2.79534e-07,1.29413e-06,2.02448e-09,4.15274e-09,5.09443e-09
img_05864.jpg,3.54838e-05,0.999716,5.8247e-10,3.3264e-11,9.90207e-08,1.7424e-07,1.28124e-08,0.000248323
img_07191.jpg,0.000332303,1.56332e-07,0.586779,1.56988e-07,0.407041,0.00584633,5.73964e-08,1.94246e-09
img_00865.jpg,0.999497,0.000163297,3.22633e-06,2.88313e-05,0.000143542,0.000115731,1.31806e-07,4.8085e-05
img_03228.jpg,0.258608,4.373e-06,0.00477386,9.24693e-06,0.736574,1.6338e-05,9.64228e-08,1.33661e-05
img_00125.jpg,0.474537,0.000339793,0.000204658,0.121154,0.00221432,0.400536,3.88501e-05,0.000975489
img_02522.jpg,0.992498,4.17733e-05,2.66748e-06,1.3975e-06,0.00655556,0.00014647,6.62553e-07,0.000753426
img_06332.jpg,0.382129,4.1754e-05,9.41705e-07,7.59471e-10,0.071036,5.53535e-05,0.546725,1.10798e-05
img_03135.jpg,0.115499,0.00471348,0.000580532,9.03185e-06,0.00932372,0.00159621,3.96722e-06,0.868274
img_01847.jpg,0.0818691,2.22813e-05,0.00016422,6.52775e-06,9.57525e-05,0.000666996,1.02345e-05,0.917165
img_06851.jpg,0.998598,0.00116636,2.74244e-07,1.65624e-07,0.000188334,1.04935e-05,1.98412e-05,1.62783e-05
img_06144.jpg,0.000229683,0.00460965,0.00609532,1.33642e-10,0.00018872,4.35838e-06,1.7566e-06,0.988871
img_02379.jpg,0.241949,5.31301e-05,8.84155e-05,3.78433e-07,0.0107051,4.33075e-08,3.12465e-06,0.747201
img_05038.jpg,0.99973,1.91018e-05,1.05879e-07,2.37134e-07,0.000250265,8.9937e-08,1.77703e-07,3.99656e-09
img_02487.jpg,0.986534,1.45753e-05,5.52788e-06,5.27413e-09,0.0134348,4.63756e-07,3.48168e-09,1.06435e-05
img_04559.jpg,6.6844e-06,8.55861e-05,0.00021832,9.37521e-10,2.12806e-07,0.0018765,3.37987e-06,0.997809
img_06103.jpg,0.999915,1.12743e-07,2.63296e-06,8.00889e-10,8.23025e-05,4.96482e-10,2.88965e-09,9.8706e-08
img_04752.jpg,3.96326e-05,1.29156e-06,1.2588e-06,0.998687,0.000537822,0.000712582,6.9019e-07,1.9871e-05
img_03452.jpg,5.93418e-08,0.99996,8.03678e-11,7.48351e-14,1.56123e-12,7.87299e-07,1.42655e-06,3.78878e-05
img_01571.jpg,0.999994,1.32376e-06,2.35375e-07,2.59713e-10,9.31699e-07,2.73249e-08,5.22593e-09,3.48816e-06
img_03924.jpg,9.15243e-06,3.58802e-06,3.58631e-06,1.58592e-09,0.999644,1.75837e-08,5.44197e-08,0.000339788
img_01688.jpg,0.973401,0.0153417,1.26066e-06,0.000411692,0.0103349,0.000467104,3.56535e-07,4.19728e-05
img_01824.jpg,0.0918912,1.42232e-06,4.89436e-07,0.000320153,0.00556152,0.900924,1.86797e-09,0.00130137
img_00598.jpg,0.999979,6.42001e-09,9.56296e-06,4.44635e-08,1.1175e-05,1.59878e-08,8.93689e-10,1.28783e-07
img_07146.jpg,0.351818,8.52983e-07,1.07995e-08,1.10607e-08,0.648181,2.42523e-08,2.91704e-09,2.94997e-08
img_04719.jpg,0.00268499,5.32031e-06,6.93701e-07,6.56851e-09,0.000657926,0.996651,2.70113e-07,4.31866e-11
img_03871.jpg,2.00072e-05,0.000180218,1.21552e-06,6.57287e-10,6.65608e-07,0.998695,2.54107e-09,0.00110323
img_00442.jpg,2.60647e-06,2.69172e-06,2.58224e-05,3.95354e-12,5.53164e-09,1.79943e-09,1.11413e-10,0.999969
img_00760.jpg,0.989546,4.25788e-05,4.28351e-05,0.00799111,1.72727e-05,4.60834e-05,1.38417e-06,0.0023127
img_02096.jpg,1.0,1.74888e-12,5.89683e-14,5.31427e-14,2.41142e-07,1.48908e-14,2.06963e-13,2.59977e-11
img_04532.jpg,0.744493,0.134661,0.00120678,0.000110325,9.47024e-05,0.0035902,8.89967e-06,0.115836
img_03310.jpg,0.94869,5.47859e-08,1.31838e-05,6.31695e-05,0.00144843,0.0497565,4.03579e-09,2.85854e-05
img_03581.jpg,0.971576,8.15e-06,9.4541e-06,0.0281595,0.000175235,6.60289e-05,8.94518e-07,4.47579e-06
img_03064.jpg,0.909638,4.50542e-07,1.13272e-07,1.44615e-06,0.0899614,1.22212e-06,2.52267e-06,0.000394503
img_04795.jpg,0.986631,0.0128368,7.604e-07,1.04675e-09,4.94874e-05,4.75922e-06,0.000474206,3.29177e-06
img_06371.jpg,0.000338994,0.00144602,1.27968e-05,4.7792e-08,7.3196e-07,4.89386e-07,0.99603,0.00217067
img_06469.jpg,0.523554,2.77117e-05,0.00042568,0.000315493,0.00126258,4.44198e-05,7.34513e-06,0.474363
img_04405.jpg,0.99401,3.39392e-05,4.81413e-07,1.84295e-07,0.00287895,0.000194822,0.0020454,0.000836243
img_02235.jpg,0.514118,5.92595e-05,0.000915658,0.00028294,0.000235942,0.292343,0.000911412,0.191133
img_02904.jpg,0.845754,0.00921349,0.000190403,0.00228381,0.00213268,0.140221,1.29266e-05,0.000191896
img_01328.jpg,0.657906,0.101755,2.83591e-05,1.54094e-05,0.219138,0.0204752,5.30495e-11,0.000682659
img_06962.jpg,0.997774,0.00176199,4.42137e-07,5.01423e-08,2.82792e-06,6.12577e-05,0.00019879,0.000200687
img_07583.jpg,0.00136394,0.948981,0.000199536,1.3164e-08,0.000141194,4.39104e-08,6.9021e-05,0.0492454
img_04076.jpg,0.996646,0.000662435,0.000112993,0.000144886,2.607e-05,0.00213179,8.96616e-06,0.000266499
img_02789.jpg,0.999898,1.19655e-07,2.21516e-09,2.24878e-11,9.15457e-05,6.87384e-09,1.03958e-05,3.58725e-08
img_05572.jpg,0.999996,3.50253e-10,6.27311e-08,6.0827e-11,3.27108e-07,2.39777e-09,3.41489e-10,3.84347e-06
img_06642.jpg,0.00358962,4.85795e-07,0.0088596,7.15385e-07,0.0844986,0.013116,1.24475e-06,0.889934
img_00999.jpg,0.998791,0.000409227,0.000214236,4.30707e-06,1.91854e-05,0.000238596,0.000304729,1.84341e-05
img_01685.jpg,0.000221456,3.50629e-09,0.0138543,8.43226e-09,0.985406,0.000517996,8.88489e-11,2.52811e-08
img_06268.jpg,3.47836e-06,2.82146e-06,1.13312e-09,1.7532e-14,0.000197497,2.81418e-10,2.01587e-10,0.999796
img_02646.jpg,0.00029411,0.00143923,4.82946e-05,3.00999e-09,6.30673e-07,2.7998e-05,1.19551e-06,0.998189
img_01519.jpg,0.847297,0.00497338,0.00142749,3.08338e-05,0.000122631,0.140899,1.59103e-05,0.0052335
img_01649.jpg,0.995192,1.92146e-05,4.12201e-05,7.88112e-08,0.00428488,2.04938e-05,8.13973e-08,0.000442489
img_04250.jpg,0.0106673,3.1137e-06,8.8414e-06,6.55265e-07,0.989213,6.55504e-05,2.56237e-06,3.92497e-05
img_02648.jpg,1.22011e-08,5.38708e-07,0.000495396,1.36034e-15,1.58292e-08,3.09225e-13,2.12652e-12,0.999504
img_07757.jpg,0.0203725,0.0743389,0.00178035,2.82659e-09,0.902607,0.000875383,6.52443e-06,1.96694e-05
img_03475.jpg,0.000985719,0.000126892,7.60805e-07,4.15203e-08,0.992311,6.71613e-08,5.74236e-07,0.00657488
img_06424.jpg,0.996193,2.44815e-07,5.95081e-12,3.63683e-11,0.00380708,2.15704e-12,5.78272e-10,8.8042e-10
img_06010.jpg,0.888112,0.000564434,0.00458718,2.32833e-05,3.93396e-05,0.0654364,7.73475e-05,0.0411597
img_02625.jpg,0.971481,5.90351e-07,5.80728e-09,5.56036e-06,0.000307394,0.0282058,3.68867e-09,1.50193e-08
img_04671.jpg,0.971765,0.000362749,0.0240121,4.63279e-07,8.91978e-06,3.69135e-05,0.00115863,0.00265562
img_05021.jpg,3.04159e-06,1.5796e-07,1.6268e-07,0.000559633,0.98828,0.0104565,7.29216e-08,0.000700254
img_04511.jpg,0.164545,0.00418955,6.581e-06,0.791219,0.0388063,0.00119968,3.32388e-05,1.0808e-06
img_03222.jpg,0.897724,0.00104117,0.0176781,3.43753e-08,0.033418,0.0501097,4.59401e-07,2.90278e-05
img_04603.jpg,0.798729,6.80686e-06,0.00104896,3.24308e-08,0.120533,0.0794062,8.75468e-06,0.000267179
img_04888.jpg,0.999921,6.60067e-06,1.0403e-06,1.06882e-10,6.6145e-05,3.67571e-12,4.62638e-08,5.6103e-06
img_07375.jpg,0.176444,0.0863959,3.5392e-06,1.64521e-06,0.00530403,0.000919603,0.000248789,0.730683
img_06038.jpg,6.84681e-07,3.74243e-07,2.15534e-07,1.42548e-10,1.169e-08,2.86777e-08,9.89719e-11,0.999999
img_00664.jpg,0.999999,6.48947e-08,5.46408e-10,5.39101e-08,1.07214e-06,3.01645e-10,7.6113e-09,1.58281e-07
img_01684.jpg,0.998991,1.06965e-08,7.38908e-07,3.60412e-08,8.86023e-08,3.45113e-10,8.68613e-11,0.00100799
img_06732.jpg,1.0,1.15833e-11,6.82878e-16,1.34284e-15,4.08924e-11,3.38008e-15,5.34452e-14,7.00961e-12
img_06426.jpg,0.151,0.394149,0.0817162,2.60573e-07,0.00630007,1.40088e-06,3.66947e-05,0.366796
img_05721.jpg,9.35934e-08,3.99578e-09,5.21272e-05,3.39278e-13,1.87426e-09,1.80991e-09,7.88295e-12,0.999948
img_04991.jpg,0.129648,0.523201,1.52408e-06,8.89205e-05,0.000396868,0.346664,1.67553e-07,1.92114e-07
img_05587.jpg,0.208966,0.00221832,0.00107996,0.000332562,0.787192,0.000123792,1.90348e-06,8.58538e-05
img_07173.jpg,0.764105,0.000398549,0.0002508,7.61777e-07,0.000139938,1.35131e-06,0.00221817,0.232885
img_04959.jpg,0.842938,0.107207,0.00155269,7.54523e-06,0.000360448,0.047245,1.02094e-06,0.00068829
img_05520.jpg,0.943464,2.73933e-07,1.13631e-07,3.19579e-09,0.00081191,0.0557233,1.00322e-08,4.88368e-10
img_02367.jpg,0.789697,5.94684e-06,0.0186105,7.40674e-06,0.19144,5.26733e-05,1.15016e-08,0.000186729
img_06685.jpg,0.00346614,0.00124753,0.000196469,8.36512e-09,0.994775,4.85185e-05,2.442e-06,0.000263952
img_02636.jpg,0.00104691,0.991378,0.00255611,8.56351e-08,0.00422533,2.11814e-06,7.02281e-06,0.000784663
img_04271.jpg,0.0232078,3.32465e-08,2.28624e-06,1.58827e-07,0.976141,2.65373e-08,1.57919e-09,0.000648548
img_06508.jpg,3.12256e-06,3.5518e-08,3.94908e-12,8.62036e-07,0.999994,1.76684e-06,4.78886e-11,7.14083e-08
img_04503.jpg,0.00392699,9.29995e-06,5.2555e-06,8.89979e-09,0.995753,2.9475e-05,1.12138e-07,0.000275954
img_03941.jpg,0.999954,5.67303e-07,5.84697e-08,3.9215e-05,1.08123e-06,2.30192e-08,3.53551e-08,4.81987e-06
img_07833.jpg,0.999882,2.9094e-08,2.52072e-05,3.42193e-05,3.51026e-05,5.93228e-06,2.18474e-06,1.48779e-05
img_02799.jpg,1.0,5.22172e-10,2.64963e-10,9.09456e-13,7.99111e-09,1.49193e-08,1.10506e-07,2.28192e-07
img_05433.jpg,0.643018,0.00208632,3.56292e-07,9.9792e-07,1.70147e-05,0.0319096,4.19329e-06,0.322963
img_05440.jpg,0.911812,0.00359975,0.000478654,1.44725e-05,9.27061e-06,0.0840488,4.71814e-08,3.74876e-05
img_07508.jpg,0.902352,0.00187646,6.19458e-07,9.34185e-08,0.0764678,0.000269453,0.0189711,6.2536e-05
img_03195.jpg,0.997497,0.00169778,1.19883e-06,1.03019e-06,0.000673512,0.000119646,4.0761e-06,5.86647e-06
img_07005.jpg,0.999922,3.04322e-05,3.93823e-05,8.1003e-07,6.07137e-06,7.30448e-07,5.52425e-07,3.13241e-07
img_05489.jpg,0.997926,1.47137e-06,1.12379e-05,1.10658e-06,0.00204716,1.18134e-06,3.2238e-07,1.19426e-05
img_03426.jpg,0.986648,2.14012e-05,0.00436702,5.33473e-08,0.000899392,1.42533e-08,0.00537026,0.00269423
img_03760.jpg,0.993159,2.83919e-06,4.30917e-07,0.00339672,0.00284774,4.75766e-05,8.6242e-06,0.000536848
img_04856.jpg,0.99994,7.69255e-06,1.5195e-07,5.47499e-07,2.01684e-07,1.63183e-05,1.90348e-06,3.31251e-05
img_02209.jpg,0.99661,4.96315e-08,7.01537e-10,1.84359e-10,2.04791e-06,0.0033874,1.36775e-09,1.00616e-09
img_00071.jpg,0.00923436,4.10753e-06,2.77537e-06,0.990314,3.71784e-05,0.000358709,8.57901e-07,4.85355e-05
img_00726.jpg,1.0,1.21597e-11,2.54416e-12,1.42112e-12,2.86391e-08,2.31868e-12,1.67509e-10,5.23452e-10
img_01888.jpg,0.83304,0.0402196,0.00472898,5.81318e-05,1.31409e-05,0.000217121,5.84758e-06,0.121717
img_03547.jpg,0.999897,2.2682e-05,5.05126e-06,1.89872e-08,1.38223e-05,1.82566e-06,4.9457e-07,5.94589e-05
img_05426.jpg,0.070239,0.000410818,0.00321017,0.890723,0.000882049,0.0344592,6.94262e-06,6.88859e-05
img_07717.jpg,0.999066,4.48172e-05,6.4022e-07,2.04975e-05,1.12751e-08,0.000866302,1.29982e-09,1.86629e-06
img_03490.jpg,0.0823192,0.91158,6.90629e-06,4.96309e-09,0.00201474,0.00306426,6.04385e-06,0.00100868
img_00005.jpg,2.8583e-06,2.51774e-06,2.11898e-05,3.35815e-07,0.999783,0.000189633,2.08139e-09,5.40859e-09
img_01657.jpg,1.54805e-10,3.41922e-07,0.000109783,2.44819e-16,5.08088e-09,2.03366e-09,3.52368e-12,0.99989
img_00974.jpg,0.988631,4.16188e-08,0.0112935,4.57835e-05,2.35773e-05,2.57801e-06,4.69153e-08,3.3507e-06
img_05264.jpg,0.00583868,0.037089,0.518987,3.89822e-13,5.41407e-07,1.27177e-10,1.92888e-09,0.438085
img_06324.jpg,0.988649,6.32434e-05,1.56204e-05,2.04226e-08,3.08052e-05,0.0082207,0.000808198,0.00221231
img_00808.jpg,0.999997,1.4517e-08,1.20205e-08,2.01208e-11,2.74187e-06,6.27029e-07,2.83641e-10,1.34624e-09
img_01090.jpg,0.00122477,0.000172725,0.00144132,8.46394e-11,0.997147,1.4027e-08,1.22258e-07,1.44344e-05
img_02739.jpg,0.999996,2.42016e-09,1.53929e-09,5.32394e-09,2.16114e-06,4.58195e-07,3.40386e-10,1.04686e-06
img_02146.jpg,0.999987,4.41587e-07,5.26309e-06,2.5581e-10,6.68262e-06,4.72213e-09,4.56964e-08,2.25402e-07
img_04285.jpg,0.999679,2.93023e-06,2.04296e-07,2.96913e-08,0.00021641,6.4459e-08,7.6362e-05,2.4604e-05
img_00646.jpg,7.05124e-08,4.01837e-08,2.37118e-05,1.03687e-12,2.87273e-08,1.02526e-07,1.17583e-09,0.999976
img_00289.jpg,0.915664,0.000218219,3.48968e-07,1.85714e-06,0.0828917,3.9857e-07,0.000171842,0.00105151
img_03181.jpg,0.94834,2.76319e-05,0.00202095,0.000108634,0.0492682,0.000223803,5.80502e-07,9.95162e-06
img_00164.jpg,0.856056,0.000174439,0.00252548,1.47113e-06,0.124453,8.96885e-05,3.58131e-05,0.0166645
img_06986.jpg,0.380926,0.609494,0.000659399,0.00568676,0.000808021,0.00105478,9.43549e-06,0.00136234
img_03602.jpg,0.987455,3.7524e-06,9.40998e-07,2.23843e-06,0.00542663,0.00711143,5.00824e-07,4.71696e-08
img_02702.jpg,0.999619,6.9919e-05,2.18431e-06,4.11269e-07,0.000274582,2.92629e-05,1.77895e-06,3.18695e-06
img_01955.jpg,0.0022985,4.13081e-05,0.00096977,8.28403e-07,4.81798e-06,0.000339966,2.61381e-06,0.996342
img_05222.jpg,0.996438,0.00164977,3.98447e-05,5.98706e-07,0.00145336,2.52035e-07,0.000340442,7.78276e-05
img_03410.jpg,0.997181,1.67053e-05,6.47942e-07,1.59889e-08,0.00242858,6.89027e-09,1.71332e-08,0.000373255
img_04921.jpg,0.919967,0.00603735,2.70617e-06,6.12749e-05,2.70255e-05,0.073897,1.06685e-06,6.90145e-06
img_06321.jpg,0.87408,2.8307e-05,3.42176e-05,7.31743e-06,0.000675252,0.0244314,4.2918e-05,0.100701
img_06440.jpg,0.897594,0.000133651,3.41204e-06,2.01286e-06,0.000359039,0.101905,3.16706e-07,1.89306e-06
img_02949.jpg,0.999969,1.43419e-06,1.24841e-06,2.62262e-08,2.78194e-05,2.17518e-07,1.52442e-07,5.89954e-07
img_03945.jpg,0.650716,8.05789e-06,3.80161e-06,3.30046e-06,0.00239379,0.346874,1.5022e-07,1.06579e-07
img_04015.jpg,0.995393,0.00459752,7.66574e-07,8.48095e-09,3.65154e-07,3.55074e-07,5.12855e-07,7.17272e-06
img_02766.jpg,0.983936,2.75332e-05,1.26613e-06,3.98556e-06,0.0121731,5.05482e-06,4.71988e-05,0.00380571
img_01142.jpg,0.998475,1.28736e-05,2.07101e-07,0.000117009,1.705e-06,6.76236e-06,4.43535e-08,0.00138685
img_04410.jpg,0.999352,1.01415e-07,0.000234502,0.000176654,0.000199136,2.01639e-05,1.55533e-09,1.71479e-05
img_01379.jpg,0.3323,0.000479683,0.0958434,0.0213425,0.0178912,0.00346863,0.00319501,0.525479
img_01366.jpg,0.00649391,0.00167492,0.00522858,0.000975193,0.000254682,0.984931,1.65662e-05,0.00042475
img_05828.jpg,0.999999,6.72302e-13,1.04995e-17,4.25803e-21,6.60822e-07,7.5274e-16,9.61635e-15,1.96804e-10
img_02082.jpg,0.987704,3.73406e-07,1.72832e-08,2.65223e-10,0.0122937,1.19813e-07,2.09971e-06,2.09021e-09
img_05492.jpg,7.2379e-05,0.000236882,0.120505,2.80846e-11,4.10695e-08,1.92841e-08,7.2355e-10,0.879186
img_00493.jpg,0.988689,2.05167e-06,4.30826e-06,4.23378e-06,0.0056794,0.00383945,5.66997e-06,0.00177548
img_04129.jpg,0.999087,4.73604e-05,0.000125819,2.43001e-05,8.45213e-05,7.11553e-05,2.91501e-10,0.000559998
img_03210.jpg,1.29899e-06,4.20139e-08,0.441608,6.99907e-15,1.38159e-09,2.45617e-10,1.56041e-09,0.558391
img_04640.jpg,0.373512,0.0411783,2.38723e-06,5.42257e-06,0.000109133,0.183604,1.22653e-05,0.401576
img_04712.jpg,0.00209469,0.000166394,0.0002552,2.86899e-07,0.00023108,0.000329145,1.19595e-06,0.996922
img_02372.jpg,3.4557e-06,1.57274e-06,0.00933299,4.46716e-05,0.988017,0.00256438,1.92918e-08,3.58276e-05
img_02749.jpg,0.578204,0.000276414,0.000181127,0.400219,0.000119468,0.0208505,1.41681e-06,0.000147887
img_01022.jpg,0.318132,0.000137218,7.25411e-05,0.623521,0.0181043,0.0399196,3.70213e-06,0.000109457
img_00285.jpg,0.999737,8.49162e-06,5.84857e-07,4.34884e-07,0.00024281,3.28779e-06,1.67249e-07,7.24371e-06
img_06922.jpg,0.997134,9.50029e-06,1.06166e-06,1.56774e-09,7.30998e-05,0.00235942,0.000422028,8.65679e-07
img_02540.jpg,0.000263195,2.50306e-09,0.474421,4.17271e-09,0.521642,0.00367366,1.34242e-08,4.67931e-08
img_01831.jpg,0.988569,1.2913e-05,3.28181e-05,0.0109667,0.000222001,0.000188803,2.67814e-07,7.23474e-06
img_00575.jpg,0.801403,1.63033e-05,8.68718e-05,7.5519e-06,0.00140665,0.197014,5.51195e-07,6.53109e-05
img_04247.jpg,0.996074,1.15015e-06,2.94332e-07,2.03937e-09,0.00272542,5.7371e-07,0.00119749,1.05943e-06
img_02666.jpg,0.430767,0.00549857,0.0499672,1.68272e-06,0.51101,0.00124018,0.00139891,0.000116035
img_06285.jpg,0.00075165,1.2995e-06,0.0379883,1.45189e-08,1.43813e-06,3.10943e-06,3.35385e-08,0.961254
img_00172.jpg,2.85866e-07,1.32267e-09,3.87754e-09,1.77328e-11,1.0,1.38659e-11,8.23086e-15,1.22231e-12
img_07590.jpg,0.999903,7.28754e-05,5.05385e-06,4.70617e-11,1.54048e-07,5.68055e-07,3.53686e-08,1.80695e-05
img_06975.jpg,0.997684,0.000420884,9.43453e-07,2.49136e-06,0.00183728,1.71289e-05,5.26475e-06,3.23367e-05
img_05568.jpg,0.999601,6.35332e-06,6.06301e-06,3.99311e-08,1.79769e-05,1.34238e-07,6.11947e-09,0.000368101
img_05595.jpg,0.999992,2.06788e-06,2.46809e-08,1.79522e-11,4.69972e-07,5.21052e-06,1.38765e-07,3.56834e-07
img_05087.jpg,0.52955,0.00533238,0.00489045,0.000165883,0.187224,0.00217245,0.00660889,0.264056
img_00590.jpg,0.694376,0.000372359,0.0191654,1.65329e-06,0.000935416,0.00462898,0.000124084,0.280396
img_04507.jpg,8.30715e-07,1.69543e-07,0.000947292,4.38553e-09,0.000207576,2.83468e-08,1.32709e-08,0.998844
img_00180.jpg,0.0139392,2.77458e-05,6.43909e-05,3.26927e-09,1.35134e-05,0.000339094,1.88136e-07,0.985616
img_02889.jpg,0.985261,8.04422e-06,0.000340155,0.0139208,0.00027401,2.56638e-05,2.91299e-06,0.000167138
img_04263.jpg,1.0,1.42652e-12,9.82128e-18,1.04035e-20,3.2175e-07,2.55337e-16,2.32854e-14,1.86325e-12
img_05276.jpg,4.99491e-07,8.46747e-11,1.10152e-11,1.44654e-13,1.0,5.22666e-14,1.26843e-13,4.43023e-11
img_07818.jpg,0.999999,6.53245e-10,4.48385e-10,8.40547e-12,1.58964e-08,1.31722e-08,9.16463e-08,5.9497e-07
img_04476.jpg,0.00219974,0.000194957,1.34847e-05,1.77528e-07,1.90783e-06,1.12588e-05,5.64495e-07,0.997578
img_00282.jpg,0.0782244,0.0554181,0.00811308,0.000104438,0.000161047,0.857773,0.000110045,9.59023e-05
img_02687.jpg,0.00739607,4.6981e-07,5.69484e-08,3.7747e-07,0.00311516,0.0001268,1.04887e-07,0.989361
img_02920.jpg,0.999996,4.3159e-08,1.3585e-06,1.33487e-08,5.99656e-07,1.70402e-06,6.88425e-10,2.54526e-09
img_02172.jpg,0.954787,0.00210914,9.78699e-06,0.00193478,0.00102453,0.00121056,0.000290865,0.038633
img_07348.jpg,0.970939,0.0281735,4.91371e-05,4.34056e-10,0.000815955,1.88562e-05,3.68358e-09,3.16441e-06
img_01803.jpg,6.64135e-06,1.42724e-06,0.00348283,2.75956e-12,5.39968e-08,1.40315e-05,1.79919e-07,0.996495
img_01222.jpg,0.99992,2.41431e-09,7.7972e-05,1.78731e-07,1.303e-06,8.60277e-08,4.14775e-09,9.93323e-08
img_06302.jpg,0.998881,1.40043e-06,2.03593e-07,0.00102074,9.43867e-05,6.27202e-07,1.45951e-07,1.28964e-06
img_07893.jpg,0.362636,4.78265e-07,1.06626e-06,2.87769e-06,3.20697e-07,2.04597e-06,6.79332e-06,0.63735
img_05015.jpg,0.0222661,8.39635e-06,0.000110237,0.38461,0.00172944,0.589239,8.56167e-07,0.00203557
img_07224.jpg,1.00171e-06,3.53005e-13,1.07082e-11,2.97266e-15,0.999999,8.11296e-12,6.29821e-15,1.49329e-13
img_07352.jpg,0.990705,1.66948e-05,3.08994e-06,1.83487e-08,5.08383e-05,3.78737e-07,2.9878e-07,0.00922408
img_01640.jpg,1.0,2.31247e-11,8.58583e-12,2.26517e-11,5.02813e-08,2.21549e-10,9.7566e-12,2.77192e-09
img_05908.jpg,5.59689e-05,2.22921e-07,1.69022e-05,0.000234087,0.999645,1.95298e-05,8.53351e-06,2.00053e-05
img_04013.jpg,0.924929,5.24621e-05,5.87524e-05,0.00110716,0.000664381,0.059144,0.00239879,0.0116451
img_01224.jpg,0.105254,0.0252018,0.00141814,8.68832e-08,0.00203627,0.00250439,0.000394663,0.863191
img_07419.jpg,9.27035e-09,2.5275e-08,4.25356e-09,8.31063e-13,3.32535e-09,4.91028e-10,4.81857e-11,1.0
img_07160.jpg,9.86116e-05,1.97129e-08,9.98104e-07,1.74158e-08,0.999836,6.45024e-05,3.35015e-10,1.71833e-07
img_03444.jpg,0.999841,0.000137143,4.47304e-07,8.24079e-10,4.6491e-07,2.05413e-05,2.01387e-07,6.13368e-07
img_05722.jpg,0.822106,0.0051571,1.17696e-06,1.4557e-09,0.0296704,2.7066e-05,0.142763,0.000275213
img_03943.jpg,0.999964,1.10787e-06,3.73182e-08,1.26066e-09,1.35285e-08,4.33095e-09,3.36688e-09,3.48155e-05
img_05640.jpg,0.833736,0.000298388,0.0143125,7.03582e-05,0.0123315,0.139248,5.86573e-08,3.08931e-06
img_06959.jpg,0.958787,8.59282e-05,0.00642081,0.00102977,0.0331749,0.000410431,2.78003e-07,9.10028e-05
img_07628.jpg,0.000277458,7.37675e-05,8.70676e-06,2.50778e-12,0.999511,4.46582e-07,1.20678e-07,0.000128743
img_05293.jpg,9.05026e-05,5.08557e-07,1.84605e-07,7.75328e-08,7.37027e-09,0.000352077,2.94242e-08,0.999557
img_05475.jpg,3.40126e-05,2.33586e-10,1.89598e-07,3.49907e-08,0.999958,7.99542e-08,1.19227e-10,7.54811e-06
img_00473.jpg,0.994438,1.411e-07,1.01684e-05,1.8239e-08,0.00554108,4.74806e-09,7.64678e-08,1.04147e-05
img_02974.jpg,0.999999,2.64554e-07,2.01486e-07,1.5735e-11,1.0635e-07,3.03554e-10,1.72178e-10,2.17621e-09
img_02077.jpg,0.0030494,7.16002e-07,1.20106e-06,0.989733,0.000195843,0.00679559,1.50741e-05,0.000209324
img_06832.jpg,0.999597,6.08181e-06,8.59258e-08,0.000362821,7.83173e-06,1.69359e-05,3.05489e-06,6.27629e-06
img_06690.jpg,5.68832e-05,3.94198e-05,4.18959e-09,3.43509e-14,7.78704e-11,2.5006e-13,2.03243e-10,0.999904
img_01426.jpg,0.000990983,0.998728,9.69617e-07,2.13891e-09,2.6156e-05,1.46675e-08,0.000115722,0.000138429
img_07051.jpg,0.000261149,0.999722,7.27512e-08,9.05155e-12,2.03522e-08,6.4069e-09,1.3211e-05,3.58049e-06
img_07318.jpg,7.44428e-10,2.44803e-08,1.71125e-11,7.49627e-13,8.67504e-08,2.08029e-07,8.02716e-09,1.0
img_00027.jpg,0.995242,0.000113755,3.8023e-07,1.28839e-07,0.00370289,0.000939328,1.24476e-06,5.14932e-07
img_06616.jpg,0.999943,1.03588e-06,1.10054e-08,3.70554e-08,4.24115e-07,5.09992e-05,1.054e-06,3.40958e-06
img_07319.jpg,0.461985,3.7062e-06,5.68939e-05,1.73011e-06,1.47647e-05,5.79079e-05,1.01676e-05,0.53787
img_02416.jpg,0.83582,0.113743,9.87743e-06,3.88193e-08,0.0481833,0.00154106,7.79067e-05,0.000624121
img_02734.jpg,0.979529,0.000152521,0.0192629,7.89949e-05,0.000400571,5.7207e-05,1.03917e-07,0.000519092
img_03563.jpg,0.146572,2.21798e-05,0.00033869,5.20443e-11,0.0111704,8.529e-06,3.15543e-07,0.841888
img_02422.jpg,0.540411,0.00801295,0.000263114,4.63263e-05,0.0353424,0.0567649,2.71923e-05,0.359132
img_07156.jpg,0.997989,5.84311e-06,3.90309e-07,7.89476e-06,4.09408e-07,0.0019961,4.49495e-08,7.15528e-08
img_05439.jpg,0.218538,0.000403349,0.0159276,0.00366712,0.171794,0.558501,0.0156019,0.0155673
img_06571.jpg,0.999775,9.68603e-07,0.000165476,1.06475e-06,8.89734e-06,1.82921e-07,7.7989e-10,4.80401e-05
img_01825.jpg,0.00443467,0.966764,0.00010548,1.28287e-10,0.0276837,0.001006,1.38446e-08,5.82887e-06
img_05754.jpg,0.999971,6.37628e-06,3.15781e-08,9.07745e-09,3.22313e-07,6.28808e-06,3.9349e-08,1.63252e-05
img_02347.jpg,0.682661,0.0191878,0.000215836,1.12706e-08,0.297366,0.000451074,1.87372e-05,9.8842e-05
img_06311.jpg,0.99974,3.59105e-05,3.46466e-05,3.78291e-06,0.000133861,4.4295e-05,7.4789e-08,7.09093e-06
img_01593.jpg,0.931287,0.000116152,0.000219619,0.000108769,0.000909536,0.0488934,5.90077e-05,0.0184064
img_02291.jpg,0.999881,4.57715e-09,4.11884e-08,1.47115e-07,0.000118155,2.43511e-08,3.22356e-08,4.40215e-07
img_03229.jpg,0.999809,0.000113928,1.54009e-07,5.6835e-08,3.77832e-05,2.59546e-05,1.27107e-05,5.31598e-08
img_00311.jpg,1.0,7.76643e-11,2.87672e-11,1.27649e-10,1.41606e-07,6.17107e-10,4.75312e-12,1.77527e-08
img_05251.jpg,0.00368089,0.000145499,0.000103304,4.90798e-06,6.69346e-05,0.0254878,1.9531e-07,0.970511
img_02119.jpg,0.958606,2.18741e-05,0.0410948,6.59935e-08,6.23104e-06,0.00026584,5.29376e-06,3.36096e-08
img_01856.jpg,0.999996,8.58505e-08,4.7293e-11,1.01818e-12,9.64288e-08,2.59861e-14,1.33193e-08,3.85628e-06
img_02769.jpg,4.94956e-08,7.87781e-07,2.93891e-05,3.13272e-11,9.99301e-10,1.03124e-06,3.89866e-08,0.999969
img_05539.jpg,0.808954,0.0438494,0.0509442,0.00197104,0.013928,0.0707014,0.000255097,0.00939707
img_05548.jpg,0.999997,7.77624e-07,3.81963e-08,6.97575e-09,4.22632e-07,7.69966e-09,1.61933e-08,1.35387e-06
img_03674.jpg,0.137625,1.6696e-05,9.12523e-05,0.00021944,0.861981,6.68508e-05,4.59521e-08,3.78395e-07
img_04740.jpg,0.544202,8.92998e-10,0.0269767,5.49887e-07,0.426282,0.0025371,1.49092e-09,1.55234e-06
img_06373.jpg,1.43393e-07,6.02119e-10,0.00067312,3.16761e-15,4.0471e-09,1.24879e-13,7.68692e-12,0.999327
img_02124.jpg,0.751806,9.72237e-06,2.98312e-06,1.08837e-06,0.00279233,0.245388,1.97158e-08,1.72865e-07
img_05084.jpg,0.990956,1.69189e-06,9.676e-08,1.59194e-08,2.33544e-06,4.19166e-05,2.19789e-05,0.00897605
img_06521.jpg,0.21288,5.47039e-07,3.27998e-06,2.25517e-08,2.39841e-07,2.03636e-06,5.46273e-06,0.787108
img_04237.jpg,1.30226e-11,1.0,2.52351e-12,3.56427e-20,1.62083e-15,3.4033e-15,1.91546e-09,4.03867e-09
img_00894.jpg,0.386622,8.57301e-05,5.58957e-06,1.5565e-08,0.613032,1.9585e-05,1.43219e-07,0.000234903
img_00292.jpg,0.0382374,0.00118224,0.000241886,2.40633e-06,5.0002e-05,0.00147375,1.40439e-07,0.958812
img_07448.jpg,0.999056,3.70751e-05,3.11843e-06,0.000595973,0.000241573,1.26246e-05,9.01698e-06,4.43504e-05
img_03527.jpg,4.48483e-08,1.51449e-06,0.104771,3.898e-17,1.73897e-11,1.95316e-07,3.70269e-12,0.895228
img_03801.jpg,0.995381,2.31016e-05,1.79843e-06,1.12611e-09,7.30347e-07,2.65082e-08,4.20167e-05,0.00455178
img_06673.jpg,0.999992,3.28442e-07,4.01907e-09,7.88263e-10,4.28662e-06,5.32269e-10,3.91837e-09,3.45853e-06
img_07428.jpg,0.997517,0.000438144,0.000161972,1.02903e-07,0.00175864,7.00385e-05,2.30938e-09,5.42699e-05
img_04750.jpg,0.00505914,8.46096e-05,0.000265424,2.00363e-07,0.994545,3.5593e-05,2.33719e-07,1.015e-05
img_05948.jpg,0.99142,7.56155e-06,5.55182e-07,1.80121e-06,0.00795788,0.000612112,6.6838e-11,3.44086e-07
img_00152.jpg,5.60633e-05,0.000135001,1.35526e-06,1.86916e-08,1.76661e-06,0.00138057,5.20545e-08,0.998425
img_00654.jpg,0.78926,0.0435227,0.00208129,0.000167917,0.0282623,0.00923341,0.000624588,0.126848
img_03074.jpg,0.994491,0.000151287,0.00184757,0.00212995,6.92473e-05,0.00123431,1.20127e-05,6.44402e-05
img_05156.jpg,0.0835961,0.0666716,3.32313e-05,0.111729,0.0095142,0.727502,5.29423e-05,0.000901679
img_05682.jpg,1.0,4.95424e-08,9.7986e-11,2.12773e-09,1.00352e-07,3.92786e-10,2.45611e-09,2.77942e-07
img_00046.jpg,1.0,1.77593e-08,1.43149e-10,3.90635e-11,7.42154e-09,7.48553e-11,1.11476e-08,5.37899e-08
img_01745.jpg,0.999315,2.90634e-05,7.47684e-06,1.845e-06,6.44222e-06,4.89166e-05,5.8442e-06,0.000585788
img_03488.jpg,0.99939,5.08905e-05,7.84732e-05,0.00042901,1.1658e-05,3.09352e-05,1.04941e-07,9.25515e-06
img_05438.jpg,0.867656,0.0149574,3.95202e-05,1.9246e-08,1.35594e-05,0.117331,9.21012e-07,1.936e-06
img_03087.jpg,0.0389811,5.31546e-05,0.000284422,4.67982e-08,0.718195,0.242434,3.16831e-06,4.89814e-05
img_02285.jpg,1.0,1.51823e-09,1.11451e-12,1.62577e-12,1.84317e-08,3.68055e-14,2.76201e-14,1.48527e-11
img_06237.jpg,0.982316,0.00849615,9.94732e-06,4.94793e-06,1.91182e-06,0.00914939,3.81e-07,2.16648e-05
img_00446.jpg,0.935613,6.27515e-07,0.0249352,8.00402e-05,0.0392535,0.000103303,3.41836e-07,1.37065e-05
img_05445.jpg,0.694712,7.58733e-06,0.00290311,0.000314293,0.0433273,0.102951,0.0150624,0.140723
img_04830.jpg,0.999994,4.15285e-10,3.34259e-16,6.06354e-15,6.0732e-06,6.46557e-14,4.32771e-12,6.74787e-14
img_06807.jpg,0.993735,2.70674e-09,2.22767e-07,7.07629e-12,0.00625385,5.04188e-09,1.13413e-05,1.41616e-09
img_06294.jpg,0.999994,1.5315e-11,1.92484e-17,2.19964e-18,5.74632e-06,6.36776e-15,9.44521e-16,2.64256e-12
img_06798.jpg,0.99995,6.30079e-09,4.45769e-06,5.74459e-08,1.77157e-07,4.08634e-05,8.35614e-09,4.40541e-06
img_01188.jpg,0.0175809,0.814741,7.85647e-05,0.00947883,4.62235e-05,0.0546023,7.70533e-09,0.103472
img_05857.jpg,0.999997,8.55636e-10,9.77851e-08,1.06662e-06,1.29368e-06,1.53046e-10,2.66328e-10,8.50257e-11
img_04419.jpg,3.87084e-05,1.78698e-07,1.00692e-07,8.74267e-08,0.999942,6.27922e-06,1.11842e-07,1.20772e-05
img_05284.jpg,0.000318032,0.999085,2.17875e-09,2.03858e-15,2.68403e-05,1.67226e-08,6.72472e-07,0.000569383
img_07278.jpg,1.0,6.92164e-10,1.93774e-10,3.86341e-11,1.05295e-07,3.38542e-10,4.41883e-11,6.3447e-10
img_00587.jpg,0.948547,2.74246e-06,1.55801e-05,6.57279e-07,0.000178295,0.00715477,1.84739e-05,0.044082
img_07543.jpg,0.00216466,2.81105e-06,4.28955e-05,5.58344e-09,0.99766,0.000113406,2.20803e-10,1.66336e-05
img_03238.jpg,0.934404,9.4703e-05,0.00571151,2.58152e-06,0.00215573,0.00073634,0.000336629,0.0565586
img_04257.jpg,0.0528475,0.000236679,0.00130861,2.66295e-07,0.945511,3.00453e-05,5.07909e-05,1.46361e-05
img_05735.jpg,0.798434,7.53696e-06,1.79891e-06,5.59183e-07,2.66828e-06,7.67868e-06,8.38072e-06,0.201537
img_01996.jpg,0.00229778,2.40209e-05,7.92749e-07,1.4254e-07,1.04436e-05,0.997666,8.23736e-07,3.12543e-07
img_05074.jpg,0.994029,0.00025532,8.85589e-07,2.43723e-09,0.00570742,6.78112e-06,1.72806e-07,4.03969e-08
img_04642.jpg,0.760227,7.65951e-05,1.77686e-05,3.8278e-05,0.239392,8.14148e-05,9.61006e-05,7.13719e-05
img_07659.jpg,0.983546,0.0040642,1.77915e-06,2.86463e-07,5.90443e-07,0.000181762,0.000483956,0.0117209
img_04138.jpg,3.47603e-08,6.05038e-16,1.11858e-14,7.26269e-14,1.0,1.35294e-11,1.75144e-11,5.79537e-12
img_07467.jpg,1.0,2.0331e-09,3.43491e-12,1.21132e-12,1.86967e-07,9.92317e-11,3.77702e-09,3.20764e-08
img_05794.jpg,0.999196,0.000392634,2.20008e-05,8.70357e-07,1.69808e-10,1.31016e-05,5.50089e-06,0.00037009
img_06637.jpg,5.44726e-08,8.0451e-10,3.01025e-09,2.07625e-12,1.0,1.05551e-10,7.56237e-16,5.49015e-11
img_07746.jpg,0.990541,0.00039473,3.78909e-05,3.48615e-06,0.00101406,0.00798661,2.07986e-05,1.61694e-06
img_07616.jpg,0.99752,0.00124536,0.000134906,0.000298743,1.343e-05,8.76137e-05,2.99115e-07,0.000699387
img_00584.jpg,0.999993,5.60741e-07,3.87668e-07,1.20804e-06,4.67454e-06,4.93388e-09,2.88967e-08,1.66743e-08
img_01782.jpg,1.45829e-07,5.14045e-06,4.46477e-09,1.16302e-13,0.999995,9.95288e-11,1.03863e-10,1.03271e-08
img_03809.jpg,0.000508864,7.08394e-05,5.6913e-06,8.25737e-10,0.000223945,9.0404e-10,4.55201e-06,0.999186
img_06800.jpg,0.0140235,1.0138e-06,0.000598621,9.61037e-05,0.985256,2.39044e-05,4.44059e-07,6.79288e-08
img_03254.jpg,0.985458,6.25652e-05,6.28964e-06,1.37288e-06,0.00088212,0.0135889,5.68964e-08,7.07343e-07
img_04073.jpg,0.00165341,2.88483e-06,2.30226e-06,0.000152981,1.98645e-05,0.00030821,3.9934e-06,0.997856
img_00730.jpg,0.624509,7.05767e-07,1.01112e-06,1.44796e-11,8.6952e-06,5.33624e-08,6.09213e-06,0.375475
img_07553.jpg,0.002438,9.17281e-05,0.000288736,1.59594e-07,0.997052,1.16203e-05,2.45344e-07,0.000117704
img_00550.jpg,0.000100676,1.43511e-08,0.0526245,7.79313e-09,0.947194,8.04798e-05,7.26948e-10,3.23119e-10
img_05692.jpg,1.04908e-08,1.81342e-09,3.70008e-05,7.55336e-16,9.49111e-12,4.33808e-12,3.05838e-12,0.999963
img_07192.jpg,0.975444,0.00243444,0.000805802,2.11399e-08,0.0212742,1.25512e-06,3.59168e-08,4.01595e-05
img_02954.jpg,0.000311192,0.749632,4.23847e-06,1.46353e-09,0.25004,5.55039e-06,1.8294e-09,6.97439e-06
img_02252.jpg,0.999999,2.06347e-12,8.25376e-10,8.70205e-13,4.60427e-08,3.81319e-16,4.02169e-12,1.29603e-06
img_06001.jpg,0.929186,0.003305,0.000372398,0.0620794,0.000612591,0.00424264,2.0281e-08,0.000201885
img_05813.jpg,0.96091,3.59259e-05,0.00350169,0.00395981,0.000552835,0.0307711,1.18008e-07,0.000268769
img_01984.jpg,0.999922,2.06161e-05,1.29501e-05,1.01865e-06,1.85856e-08,2.61386e-10,8.4211e-08,4.35413e-05
img_01616.jpg,0.992122,0.000131253,1.6123e-05,3.23551e-09,0.00703516,0.000184336,0.000459208,5.22951e-05
img_01384.jpg,0.0008063,4.25751e-09,0.0606347,2.24007e-06,0.936075,0.00248197,1.21083e-10,5.20019e-08
img_04369.jpg,0.973774,1.55373e-05,6.62042e-05,9.05437e-06,5.79551e-05,0.0260458,1.00205e-06,3.0055e-05
img_06947.jpg,1.54284e-06,9.82184e-06,5.68887e-08,3.13723e-14,0.999989,2.00676e-11,1.36341e-09,3.98503e-08
img_06273.jpg,0.998971,0.00101486,2.87347e-07,1.72469e-07,8.96945e-06,2.45488e-07,5.05417e-08,4.57839e-06
img_05328.jpg,0.664639,0.00015532,8.58435e-08,9.75771e-09,0.000579445,1.09256e-06,0.334563,6.23698e-05
img_07354.jpg,0.995497,7.10791e-06,1.38549e-05,2.10687e-06,0.000572666,4.82981e-08,2.01023e-07,0.00390717
img_03764.jpg,0.988943,2.43413e-06,3.29115e-05,2.7527e-06,0.0107617,3.33711e-05,0.000223343,7.15708e-07
img_00833.jpg,0.00543391,3.82256e-06,0.000136824,6.54574e-05,6.40639e-05,0.9724,4.86399e-07,0.0218949
img_07426.jpg,0.999818,6.67487e-06,1.18253e-05,2.14483e-08,1.27349e-05,4.25027e-09,2.49255e-10,0.000150784
img_06608.jpg,0.999809,3.8587e-06,6.10342e-08,2.42438e-05,0.000145175,1.77622e-05,7.38845e-08,3.86797e-08
img_01834.jpg,0.0430343,0.310583,4.10335e-05,3.50521e-07,3.04037e-06,0.000670846,0.000312406,0.645355
img_02398.jpg,0.199232,3.08473e-05,4.28181e-05,0.00296398,7.50046e-06,0.796172,3.25362e-05,0.0015179
img_05603.jpg,0.684609,0.280138,4.42721e-05,0.000188827,0.000128236,0.0294189,8.77841e-07,0.00547204
img_03867.jpg,0.00781571,0.000206161,2.10405e-07,5.62205e-09,0.991755,0.000170306,4.58995e-08,5.25853e-05
img_00982.jpg,0.52511,0.473368,5.10503e-06,8.85587e-10,0.00070343,0.000624643,8.26654e-05,0.000106148
img_05755.jpg,0.965419,0.00659086,0.00517623,3.58623e-07,0.0165702,0.000724088,1.16209e-08,0.005519
img_07700.jpg,2.66312e-07,8.57389e-10,0.746483,1.84711e-09,0.253115,0.000401764,1.54294e-10,4.48996e-09
img_04520.jpg,0.999303,1.89349e-05,4.8538e-07,2.81783e-09,0.000664226,3.92875e-06,8.01883e-06,1.49395e-06
img_02006.jpg,0.99991,1.8768e-05,6.17647e-06,2.44735e-08,1.09124e-06,1.63698e-08,2.74103e-10,6.44469e-05
img_03116.jpg,0.00012187,0.000209149,2.03453e-08,4.11439e-12,0.999062,4.88141e-06,2.63849e-09,0.000601929
img_00398.jpg,0.997781,5.05235e-08,5.23782e-06,2.5286e-08,0.00191512,4.34664e-06,0.000250921,4.28356e-05
img_03456.jpg,0.00531052,0.0051283,1.35706e-07,1.7995e-10,0.989555,6.23295e-08,6.94796e-10,6.07997e-06
img_00729.jpg,0.999991,7.79442e-12,3.72465e-15,1.42642e-16,9.2346e-06,1.5653e-15,1.10606e-11,1.72441e-13
img_04675.jpg,0.000182395,0.00561097,5.38108e-06,4.04961e-14,7.95668e-07,2.94192e-10,3.38614e-09,0.9942
img_05349.jpg,1.01698e-05,0.99998,7.21931e-08,6.78877e-14,9.10622e-06,2.60514e-11,4.00131e-07,7.68574e-12
img_01781.jpg,0.969727,6.25844e-05,0.00228523,2.17109e-05,0.0255524,0.00216065,4.43466e-05,0.000146433
img_05236.jpg,0.506326,0.00562114,3.33114e-05,7.08044e-05,0.000208008,0.459501,8.87489e-05,0.0281512
img_00773.jpg,0.999726,3.06638e-06,0.000270544,2.27872e-10,1.70291e-08,1.53552e-08,1.52702e-09,1.43545e-11
