image,ALB,BET,DOL,LAG,NoF,OTHER,SHARK,YFT
img_06909.jpg,2.7933e-05,0.0165412,0.000151181,0.000133192,0.903131,1.82522e-17,0.0800153,1.94687e-11
img_07103.jpg,2.1657e-14,1.96135e-29,1.16218e-16,4.43457e-11,1.0,4.1464e-17,8.39085e-19,2.4699e-14
img_04118.jpg,7.12337e-05,9.9649e-06,0.874863,0.0670111,0.0580014,4.55311e-10,4.37115e-05,4.64905e-09
img_03043.jpg,3.37206e-06,1.34061e-12,3.13228e-08,5.98703e-15,2.52729e-09,5.89528e-05,0.999938,3.75022e-12
img_06916.jpg,5.3372e-06,6.77258e-08,4.55017e-09,0.999932,6.23843e-05,1.96632e-12,1.7302e-10,1.03349e-11
img_01431.jpg,1.2685e-10,1.91204e-10,1.45022e-09,1.0,2.97239e-08,5.11952e-14,1.73832e-11,2.59366e-09
img_01058.jpg,1.2951e-13,1.76651e-17,0.999479,6.87374e-25,0.000520518,1.03541e-15,5.84708e-18,9.47808e-11
img_01249.jpg,0.94081,0.0126822,7.93699e-05,0.00720722,6.55197e-09,1.27257e-12,0.0392197,1.64887e-06
img_07505.jpg,0.0361582,3.68835e-17,0.944192,0.00113297,0.00981393,2.70901e-09,0.00870281,2.79191e-08
img_03223.jpg,0.990667,2.02488e-16,0.00315968,3.61343e-14,0.00567682,3.18169e-10,0.00049667,5.19914e-17
img_02703.jpg,2.77973e-15,5.0623e-26,1.0,1.12733e-18,1.48361e-13,3.36555e-20,1.75774e-36,5.1793e-19
img_02943.jpg,2.44797e-06,0.537432,0.443418,5.08764e-06,0.0187036,1.52191e-08,0.0004393,2.40864e-10
img_00828.jpg,0.0146134,3.45901e-13,0.0105334,1.34407e-07,0.974654,9.97415e-12,0.000199008,7.60204e-13
img_04130.jpg,1.39214e-07,0.0116859,0.988311,5.83531e-10,6.58099e-07,4.08033e-20,2.41536e-06,4.49756e-17
img_00417.jpg,0.890716,6.36585e-18,2.14041e-09,1.07168e-09,0.109284,4.14926e-11,4.04498e-09,7.70131e-14
img_03670.jpg,0.00164687,3.86166e-16,0.998353,5.84845e-09,3.10397e-13,4.49793e-19,1.09629e-15,2.88557e-14
img_00708.jpg,2.64177e-11,2.54718e-20,4.4254e-07,5.73892e-18,1.0,3.77945e-22,1.29435e-13,7.02617e-16
img_03082.jpg,0.0136488,5.53861e-16,3.0132e-08,9.75586e-14,0.986351,4.50451e-14,5.81778e-11,2.71643e-16
img_05459.jpg,0.0329418,3.75209e-10,0.147122,0.0152092,6.23118e-07,2.80176e-10,0.804683,4.27544e-05
img_07120.jpg,3.95085e-07,6.25892e-20,0.201435,1.10737e-17,0.798565,1.34429e-16,5.16804e-27,2.56049e-16
img_06165.jpg,0.999387,1.51561e-12,0.000612316,9.98774e-16,3.80598e-09,1.57759e-08,4.24953e-07,2.96527e-13
img_06506.jpg,0.000797233,7.99676e-20,0.0144094,0.721339,0.000720662,0.0431873,0.000599911,0.218947
img_00223.jpg,0.00289061,5.7068e-14,0.994162,3.52445e-09,0.00294488,2.33107e-06,5.29329e-10,2.21528e-11
img_03520.jpg,4.50746e-06,7.13032e-12,0.991269,5.82387e-09,0.00872599,2.58284e-09,6.37979e-07,6.16338e-12
img_05950.jpg,0.002005,3.7127e-21,0.37867,2.89319e-13,0.619304,8.10411e-21,2.13447e-05,5.21432e-18
img_06547.jpg,2.69365e-14,1.04664e-19,1.0,5.88553e-14,2.27814e-07,7.22859e-18,2.66582e-18,3.08e-25
img_04726.jpg,1.80577e-12,3.34734e-16,4.20851e-07,1.36466e-16,1.0,2.951e-13,3.88146e-16,1.26474e-18
img_05292.jpg,1.47743e-13,7.45083e-11,2.15341e-10,1.06105e-14,1.0,1.97706e-24,1.81964e-16,1.63527e-15
img_01213.jpg,6.20386e-06,1.14543e-08,0.000112145,0.991785,0.00809641,3.78184e-09,1.16862e-12,5.2977e-10
img_06186.jpg,7.74413e-08,6.79425e-08,2.99131e-05,0.0107506,0.988686,3.87494e-16,7.58351e-08,0.000533288
img_00030.jpg,2.69266e-05,9.01374e-13,0.999973,1.45541e-18,2.75914e-11,8.26089e-18,2.34086e-14,1.69468e-23
img_06259.jpg,2.32041e-06,3.6446e-15,3.42176e-08,2.39393e-05,0.00402566,1.08829e-10,0.995948,2.14778e-11
img_07054.jpg,0.00040844,3.19223e-13,0.0001527,9.28279e-17,0.999438,2.06261e-09,3.92849e-07,1.27893e-16
img_02865.jpg,7.11238e-25,9.43153e-20,4.11435e-17,3.61513e-21,1.0,3.45342e-28,4.52272e-16,4.77272e-27
img_02890.jpg,1.96445e-09,0.377836,0.621935,0.000208036,7.79952e-10,5.49849e-10,2.1674e-05,7.01067e-11
img_05210.jpg,0.388465,2.64916e-10,0.389129,2.4434e-14,0.222406,1.16572e-18,6.06919e-09,1.20226e-10
img_05322.jpg,1.58692e-08,4.83125e-17,0.0164758,0.977438,0.00608126,1.08797e-12,7.06844e-12,4.87951e-06
img_07023.jpg,2.98525e-18,1.0737e-25,4.83388e-15,1.62711e-18,1.0,8.91517e-33,4.43557e-25,2.60136e-24
img_02838.jpg,0.000524234,1.84584e-09,0.999435,2.05142e-05,1.89505e-05,2.40817e-10,1.30064e-06,1.71264e-09
img_04233.jpg,3.54509e-16,2.28713e-11,4.42997e-10,3.42681e-18,1.0,3.25807e-32,3.36046e-24,4.29663e-18
img_01689.jpg,0.00216235,2.41421e-10,1.63626e-07,4.05021e-16,8.92186e-10,1.42684e-06,0.997836,5.2786e-12
img_01632.jpg,3.03958e-07,5.70768e-20,0.0154866,1.78409e-10,0.984513,5.53743e-22,1.59358e-15,4.57281e-30
img_07594.jpg,5.07853e-11,4.69869e-15,4.0194e-15,1.33446e-18,1.0,1.06897e-25,6.51757e-19,1.69879e-20
img_07143.jpg,1.85333e-06,0.00591139,0.870451,0.00106055,0.0820693,4.69058e-13,0.0405061,2.5305e-09
img_03422.jpg,0.000570534,0.0598302,0.509066,7.98479e-08,0.00271093,1.31592e-06,0.42782,6.59341e-07
img_00599.jpg,2.47281e-12,1.66666e-14,7.41061e-10,7.81177e-14,1.0,9.1886e-23,1.77538e-16,4.36207e-15
img_02188.jpg,9.51692e-10,1.08576e-08,2.7882e-07,8.05259e-24,1.0,7.74538e-21,3.05107e-18,4.06663e-19
img_01552.jpg,0.0415748,1.20825e-10,1.36934e-07,0.00108187,0.910623,1.98065e-13,0.0467204,2.20341e-12
img_03628.jpg,4.01622e-18,8.46265e-29,9.12381e-15,8.10429e-27,1.0,2.38443e-28,2.8241e-28,1.44078e-25
img_05026.jpg,3.58198e-17,1.66014e-18,1.30596e-13,4.1829e-18,1.0,1.44641e-37,6.35608e-21,1.69063e-21
img_01490.jpg,0.999987,6.84345e-15,1.31761e-05,2.21098e-13,1.67348e-14,1.26474e-11,3.24816e-13,7.69278e-14
img_01211.jpg,7.67762e-05,1.53689e-10,0.00647651,1.77859e-08,0.993446,4.35469e-10,3.98236e-07,6.66488e-08
img_04422.jpg,2.29709e-12,5.81639e-17,1.23587e-10,3.40402e-09,1.0,4.92311e-13,1.87069e-15,2.59138e-19
img_06845.jpg,0.000218862,1.66379e-06,0.971172,0.0139159,8.72411e-05,1.13097e-12,0.0146048,1.58647e-12
img_03805.jpg,9.85856e-05,5.49823e-12,1.93559e-05,0.0458472,0.48815,1.36198e-21,3.08956e-06,0.465882
img_00914.jpg,6.89672e-20,7.45877e-15,2.76363e-10,4.95006e-13,3.99133e-05,0.998737,0.000224796,0.000998063
img_04879.jpg,3.30572e-08,1.98993e-08,0.0252357,2.94876e-06,0.974761,2.81784e-17,2.09093e-10,2.63035e-13
img_00432.jpg,3.59957e-13,2.26665e-09,1.70298e-07,1.32206e-10,1.0,9.83027e-20,5.02013e-11,3.37038e-11
img_00007.jpg,1.18229e-07,3.07327e-09,8.48861e-12,6.87013e-05,1.11255e-09,1.17794e-14,2.27653e-08,0.999931
img_00133.jpg,2.92077e-17,2.59046e-18,3.34381e-13,2.52868e-10,1.0,2.11435e-21,1.36066e-25,9.23983e-21
img_02808.jpg,1.86911e-05,0.269819,0.37433,8.10069e-08,0.210134,0.000254386,0.145443,1.93675e-07
img_05864.jpg,0.000220115,1.02035e-05,0.00321327,4.59189e-08,1.23889e-12,7.73843e-14,0.996556,9.97385e-17
img_07191.jpg,1.73782e-10,1.1174e-20,1.67393e-13,5.68222e-14,1.0,1.17603e-21,1.61637e-10,1.13355e-13
img_00865.jpg,6.92627e-06,7.22093e-13,0.000523407,1.18182e-05,0.999453,2.88768e-11,4.63842e-06,1.8343e-14
img_03228.jpg,0.00107987,6.12766e-06,0.940339,0.0265931,0.00914371,7.03541e-22,0.0228379,2.61997e-09
img_00125.jpg,6.60862e-06,0.000234229,0.000234311,0.971471,0.0280518,4.0218e-14,1.61927e-06,5.46872e-09
img_02522.jpg,4.01452e-08,1.10383e-16,0.999998,2.10434e-15,1.84018e-06,1.2769e-26,3.63341e-14,2.2725e-11
img_06332.jpg,7.7804e-13,4.18737e-14,0.999998,1.99227e-06,1.73933e-09,2.13052e-18,1.71266e-14,1.3303e-15
img_03135.jpg,1.20171e-18,8.91592e-09,2.28345e-07,2.00338e-17,1.0,6.24696e-33,5.58295e-19,3.41629e-22
img_01847.jpg,1.23555e-16,4.5573e-13,1.3167e-09,7.86214e-21,1.0,1.62899e-27,1.04487e-20,3.18652e-21
img_06851.jpg,9.10438e-12,1.21653e-19,1.38714e-09,6.76867e-21,1.0,3.74435e-20,6.79843e-14,9.83948e-24
img_06144.jpg,4.98889e-09,9.83956e-12,2.71142e-05,1.74484e-09,0.999973,5.40878e-12,7.16446e-12,3.97803e-09
img_02379.jpg,1.04175e-18,8.54053e-33,7.2851e-17,3.32138e-28,1.0,2.87734e-38,1.90182e-32,1.56974e-24
img_05038.jpg,3.29443e-22,1.87664e-24,1.95108e-13,3.9304e-18,1.0,4.22049e-33,3.46e-24,1.24102e-28
img_02487.jpg,1.61294e-12,5.99177e-22,2.49494e-11,1.55032e-14,1.0,3.10075e-23,2.9352e-16,8.42432e-22
img_04559.jpg,0.193631,1.79397e-09,1.22844e-05,1.39754e-15,4.05425e-13,0.00012906,0.806228,5.58758e-11
img_06103.jpg,5.24209e-10,1.78871e-14,0.982749,0.0172453,5.37056e-06,9.95105e-21,5.05164e-09,2.55484e-14
img_04752.jpg,4.95177e-06,0.978647,0.0206283,0.000130991,0.000390762,3.57538e-12,0.000197945,4.68128e-12
img_03452.jpg,1.44659e-05,0.00102354,2.36709e-09,5.49882e-11,7.25924e-16,4.24096e-08,1.78435e-10,0.998962
img_01571.jpg,3.53817e-06,7.12737e-09,1.35459e-07,2.00006e-09,0.999996,1.54521e-10,1.57214e-09,3.1144e-12
img_03924.jpg,1.68853e-06,6.43962e-13,0.000272325,1.80632e-06,0.0644641,5.89633e-18,0.93526,4.46278e-14
img_01688.jpg,2.58241e-05,7.74082e-07,1.9201e-11,1.50724e-20,0.999973,2.13056e-19,1.236e-09,1.83364e-21
img_01824.jpg,1.14259e-14,1.88882e-17,2.67407e-09,9.84915e-13,1.0,2.08877e-20,1.27181e-16,9.44231e-16
img_00598.jpg,0.714961,1.31813e-08,0.000396298,0.283937,0.000705407,9.88106e-09,8.32526e-09,5.07798e-08
img_07146.jpg,8.62421e-12,9.56351e-20,1.0,1.22995e-17,9.12535e-13,4.03955e-21,6.9461e-21,1.1604e-24
img_04719.jpg,3.52272e-09,2.85794e-15,4.78094e-07,1.92698e-22,1.0,3.26815e-25,6.83788e-21,8.92322e-19
img_03871.jpg,1.2408e-05,1.76529e-12,0.000231372,0.0179392,0.763106,2.7693e-07,1.7335e-10,0.218711
img_00442.jpg,6.9907e-09,2.54944e-12,0.00680071,2.11419e-14,0.985676,3.27034e-16,0.0075231,6.06383e-15
img_00760.jpg,1.36839e-12,1.3404e-09,4.668e-11,1.0,1.29286e-08,2.32825e-18,3.89975e-09,7.66976e-15
img_02096.jpg,0.00555723,1.15982e-07,0.00376753,1.64708e-07,0.962143,9.22739e-08,0.0181757,0.0103564
img_04532.jpg,2.63066e-17,9.10185e-12,1.04919e-05,3.83184e-08,0.99999,5.45569e-23,6.19378e-19,6.87236e-12
img_03310.jpg,1.22384e-11,4.40719e-08,3.2811e-12,0.999997,6.08203e-08,9.64837e-07,6.31197e-08,1.8892e-06
img_03581.jpg,0.00895414,0.0103939,0.980641,2.44126e-11,5.28019e-09,2.8409e-14,1.1078e-05,3.50748e-13
img_03064.jpg,6.00001e-18,6.73884e-21,1.23413e-17,1.58888e-16,1.0,5.30188e-26,2.85413e-24,2.31749e-19
img_04795.jpg,4.24872e-15,3.30839e-27,1.58361e-18,2.01407e-16,1.0,1.35644e-25,3.7511e-21,3.30966e-22
img_06371.jpg,0.999403,1.70015e-20,0.000154862,3.50774e-13,0.000441834,1.80925e-09,9.0245e-09,6.02805e-15
img_06469.jpg,8.56031e-07,2.47025e-08,7.10603e-06,2.03936e-08,0.999992,3.94715e-16,2.38975e-08,6.19201e-18
img_04405.jpg,1.57074e-14,2.81805e-12,3.35445e-09,9.57773e-16,1.0,5.58693e-21,7.8258e-09,4.0215e-15
img_02235.jpg,5.16685e-09,8.74362e-10,2.05861e-05,3.53654e-10,0.999979,2.28857e-22,1.41958e-16,3.10952e-10
img_02904.jpg,0.995366,4.80181e-11,0.000219033,1.24623e-12,1.81994e-07,9.32784e-16,0.00441426,1.75972e-12
img_01328.jpg,1.26738e-05,1.22008e-10,3.3699e-06,0.0106916,0.989292,7.72772e-16,9.89159e-14,2.18792e-11
img_06962.jpg,2.7588e-15,4.83124e-25,2.05358e-15,5.07211e-21,1.0,2.26283e-23,1.13377e-16,2.78278e-20
img_07583.jpg,0.511376,0.00375821,0.109734,0.217899,2.7411e-05,0.0504651,0.0221359,0.0846044
img_04076.jpg,1.61381e-07,9.67965e-13,0.078189,0.778472,0.143337,4.46675e-20,1.64416e-06,1.87693e-10
img_02789.jpg,0.0120136,4.83383e-05,0.987938,5.13998e-11,4.84703e-07,6.45617e-20,3.67544e-14,2.31682e-15
img_05572.jpg,2.2322e-23,2.55777e-20,5.42648e-17,1.51523e-15,1.0,1.31235e-31,3.4179e-18,8.90183e-21
img_06642.jpg,1.71067e-16,5.36111e-17,5.12384e-14,1.49523e-22,1.0,3.27424e-34,9.24378e-27,7.2818e-22
img_00999.jpg,1.74582e-14,1.35775e-17,8.82796e-09,2.96186e-16,1.0,1.23277e-21,4.02688e-20,2.40886e-20
img_01685.jpg,7.57784e-07,1.69723e-07,1.87785e-05,9.11693e-08,0.99998,2.67201e-21,4.87831e-16,9.37584e-10
img_06268.jpg,0.00196039,2.12434e-19,0.997959,2.60923e-15,8.01138e-05,2.55827e-15,1.60731e-15,1.16894e-11
img_02646.jpg,0.00858769,3.93626e-08,0.00219524,1.97205e-09,0.989217,2.57671e-16,2.20552e-08,9.33397e-09
img_01519.jpg,1.79251e-15,3.88061e-17,0.000150017,1.44555e-21,0.99985,8.95317e-29,7.19877e-21,4.47532e-19
img_01649.jpg,2.09563e-07,3.25232e-10,8.83218e-09,0.999997,2.21851e-06,5.74177e-18,2.15909e-14,6.40849e-07
img_04250.jpg,2.51614e-10,6.34273e-06,5.22628e-09,0.999973,1.25133e-07,7.82913e-14,2.06884e-05,7.44905e-09
img_02648.jpg,0.0235444,3.96402e-07,0.729501,7.48811e-11,0.00806999,6.94011e-05,0.238815,3.08883e-08
img_07757.jpg,0.00770108,1.22404e-14,7.86922e-22,3.409e-09,0.992299,6.71012e-21,3.04579e-19,1.74617e-14
img_03475.jpg,3.84136e-05,4.02266e-05,0.778783,3.18788e-11,6.63646e-14,4.61406e-11,0.221135,4.19615e-06
img_06424.jpg,1.24617e-05,1.17185e-28,0.999987,1.01186e-20,5.14942e-17,4.88312e-20,1.8036e-12,6.07978e-22
img_06010.jpg,1.65846e-18,1.40342e-20,9.0747e-14,1.88657e-21,1.0,6.5019e-35,2.9106e-28,1.0014e-26
img_02625.jpg,3.1887e-20,8.83029e-17,3.04112e-11,1.3985e-17,1.0,1.60404e-28,8.59704e-21,4.36529e-20
img_04671.jpg,1.36889e-18,4.40021e-19,1.54044e-08,1.81277e-19,1.0,2.90009e-26,1.75409e-26,9.31919e-20
img_05021.jpg,2.96762e-10,6.30545e-12,7.69351e-06,4.45421e-06,0.999948,1.43013e-17,1.91485e-15,3.98069e-05
img_04511.jpg,2.17602e-15,1.05391e-16,2.10363e-15,6.24568e-07,0.999999,1.7364e-22,2.7931e-13,1.48166e-07
img_03222.jpg,7.18982e-09,1.13504e-07,2.83038e-11,0.983523,1.06606e-07,3.13302e-12,0.000215538,0.0162609
img_04603.jpg,3.38875e-06,1.06278e-14,2.20142e-07,0.964433,0.035548,1.06249e-06,8.35856e-12,1.44386e-05
img_04888.jpg,1.51282e-06,2.2291e-11,0.000562403,9.99966e-05,0.999336,5.02972e-15,1.70968e-09,1.101e-14
img_07375.jpg,2.04094e-24,9.27406e-17,1.91851e-14,3.79144e-20,1.0,2.76717e-33,1.59648e-27,2.00855e-19
img_06038.jpg,2.46661e-06,1.4238e-16,4.34844e-06,4.29274e-21,9.85068e-16,1.57712e-14,0.999993,9.91287e-19
img_00664.jpg,0.296571,1.04264e-16,0.685444,3.39523e-09,0.0179003,4.98886e-13,8.42579e-05,1.21778e-15
img_01684.jpg,3.48312e-07,0.00663338,8.00019e-05,9.73343e-05,0.280485,0.0020032,0.7107,5.33794e-07
img_06732.jpg,0.000601726,5.02003e-11,0.994572,5.13719e-11,0.00482645,6.85258e-15,1.47018e-07,6.2777e-11
img_06426.jpg,0.00080783,1.19613e-05,0.00252853,9.3216e-14,0.996266,2.73346e-07,0.000385159,1.76719e-19
img_05721.jpg,0.995723,2.35585e-15,0.004192,3.79593e-15,8.48297e-05,3.24551e-07,1.43308e-07,1.93629e-14
img_04991.jpg,1.31168e-13,7.92847e-15,0.00018077,3.80157e-16,0.999819,1.20393e-23,3.64378e-14,1.70537e-19
img_05587.jpg,0.00440486,0.000756442,0.689832,0.15665,0.146123,9.34634e-13,0.00104368,0.00118974
img_07173.jpg,0.00866109,6.03013e-16,1.42555e-06,1.56499e-13,0.991337,4.76396e-13,9.78081e-07,3.38877e-13
img_04959.jpg,1.81876e-05,3.08857e-09,0.00029858,6.21414e-07,0.999683,3.96073e-09,1.98936e-10,1.07109e-09
img_05520.jpg,5.57511e-12,9.22964e-11,5.47295e-09,1.66348e-18,1.0,7.21777e-17,3.30558e-10,3.25301e-16
img_02367.jpg,1.57635e-08,1.10219e-14,3.09456e-10,1.0,5.94042e-11,9.75068e-21,5.26115e-16,1.0282e-09
img_06685.jpg,5.70213e-09,1.50685e-16,0.0109542,2.5328e-10,6.37876e-07,6.79579e-31,0.989045,1.53472e-16
img_02636.jpg,8.05178e-18,9.85006e-16,1.11447e-06,1.82102e-16,0.999999,2.64901e-14,7.80832e-16,1.22906e-16
img_04271.jpg,0.0117842,5.20695e-09,4.97845e-05,0.509379,0.477624,3.82117e-14,0.00116309,1.41095e-10
img_06508.jpg,3.01161e-22,1.3825e-22,4.58357e-10,1.43033e-18,1.0,4.41765e-27,2.63035e-28,1.5009e-21
img_04503.jpg,7.32379e-08,6.62759e-13,3.73989e-05,0.0003341,0.999623,1.85159e-17,3.58431e-17,4.92989e-06
img_03941.jpg,2.09239e-07,0.00522695,0.990156,6.05554e-07,0.00021324,1.03371e-07,0.00440247,2.88573e-11
img_07833.jpg,0.914747,1.44968e-10,0.000260862,0.0489828,0.000408488,1.6371e-10,0.0354481,0.000153106
img_02799.jpg,3.76599e-11,7.46447e-23,1.92959e-14,1.60406e-10,1.0,3.19414e-16,1.74828e-14,8.33185e-13
img_05433.jpg,3.59775e-21,6.05438e-20,8.08355e-17,1.20093e-22,1.0,4.23076e-32,4.1407e-28,2.48732e-25
img_05440.jpg,3.33866e-05,3.96987e-07,0.998209,8.55747e-09,0.00175709,1.72068e-15,3.66206e-11,7.22767e-13
img_07508.jpg,1.29556e-11,3.7838e-12,1.0,2.86842e-07,2.76837e-09,3.22239e-14,4.81512e-15,1.7874e-17
img_03195.jpg,1.69593e-14,4.5229e-20,1.03505e-08,2.83425e-16,1.0,5.12682e-24,1.02723e-17,2.30504e-24
img_07005.jpg,0.865091,7.45476e-08,1.55725e-06,0.000642855,0.120863,9.246e-18,0.0132491,0.000152749
img_05489.jpg,5.48553e-05,1.59541e-18,1.47087e-10,9.24171e-05,0.999853,1.30009e-12,9.58158e-16,4.32338e-12
img_03426.jpg,0.000475373,2.49358e-13,0.0117211,5.82976e-07,0.987787,2.70515e-13,1.62302e-05,6.04265e-15
img_03760.jpg,1.74473e-08,1.89797e-12,1.10677e-14,5.75523e-19,1.0,4.36669e-25,4.94306e-21,3.77362e-21
img_04856.jpg,0.00924771,1.17601e-14,0.990728,2.74376e-07,2.44896e-05,1.2575e-12,7.5542e-09,2.85637e-16
img_02209.jpg,8.70772e-13,4.72179e-11,1.12299e-08,5.75567e-17,1.0,4.45572e-18,1.64394e-09,1.28117e-17
img_00071.jpg,0.00187167,1.24704e-11,2.15794e-09,7.10835e-07,0.998128,4.35401e-20,3.35949e-13,2.74921e-09
img_00726.jpg,0.0391945,1.65446e-12,0.945708,1.19074e-07,2.56208e-08,1.58403e-09,0.0150977,7.35174e-09
img_01888.jpg,5.96334e-18,4.79936e-13,1.49634e-07,1.918e-09,1.0,1.11418e-22,7.36792e-21,1.16729e-11
img_03547.jpg,0.999356,3.59873e-10,0.000607605,1.24438e-06,1.25054e-05,2.94583e-22,2.23114e-05,1.24818e-10
img_05426.jpg,7.49476e-05,7.07459e-08,0.0151677,0.984621,3.1673e-06,7.04142e-10,0.000133187,2.09311e-09
img_07717.jpg,1.00764e-05,1.7872e-17,1.27539e-06,0.000242814,0.999746,2.31639e-16,4.35362e-13,6.85905e-14
img_03490.jpg,2.58736e-06,8.8719e-10,0.999989,1.144e-09,7.09946e-07,7.25953e-09,7.73791e-06,1.43851e-07
img_00005.jpg,1.88064e-08,0.141152,1.92565e-06,4.82531e-09,1.14117e-05,2.46925e-11,0.858835,6.58614e-08
img_01657.jpg,1.0,4.3236e-22,1.61917e-07,1.3693e-17,2.53411e-15,4.16864e-08,1.51465e-08,3.08572e-11
img_00974.jpg,0.000153546,1.07669e-16,8.77324e-08,0.00864258,0.991203,3.21503e-17,9.55347e-13,5.15827e-07
img_05264.jpg,0.97974,1.15898e-20,0.0202602,2.12531e-23,1.32813e-12,1.52061e-10,5.58765e-14,7.83889e-18
img_06324.jpg,0.000549226,1.5678e-08,0.00420986,1.65097e-11,0.995241,1.27681e-18,1.17919e-08,2.25756e-14
img_00808.jpg,0.000622086,4.22718e-13,8.28964e-07,0.999373,3.24713e-07,3.81612e-06,2.04976e-09,5.09723e-13
img_01090.jpg,2.53412e-11,1.41731e-15,2.27593e-10,3.86039e-11,1.0,2.57914e-10,4.34054e-15,1.40878e-14
img_02739.jpg,1.65397e-17,2.11183e-27,1.11453e-21,1.29546e-13,1.0,1.9998e-19,1.62796e-25,2.4021e-18
img_02146.jpg,2.24531e-09,7.9799e-11,0.000184289,6.7251e-14,0.999816,9.01381e-20,3.65398e-13,1.82292e-11
img_04285.jpg,2.95141e-17,1.64336e-18,7.9986e-13,7.24107e-19,1.0,4.90104e-37,1.71841e-20,1.8672e-20
img_00646.jpg,1.23495e-07,4.57441e-17,2.1935e-06,2.20974e-19,5.32548e-12,1.26222e-10,0.999998,1.27514e-15
img_00289.jpg,8.14794e-05,9.95367e-07,0.0377607,0.46357,0.498572,1.40239e-25,1.77463e-08,1.40936e-05
img_03181.jpg,1.41336e-05,2.03183e-10,0.0379059,0.00120954,0.96083,4.32332e-10,3.97696e-05,3.46954e-07
img_00164.jpg,3.35278e-05,8.61699e-18,0.991277,1.83206e-13,0.00868954,9.58586e-16,6.70036e-15,9.63773e-14
img_06986.jpg,2.58429e-14,1.07752e-12,1.55961e-10,5.28696e-08,6.51243e-07,1.2495e-16,0.999999,1.66782e-14
img_03602.jpg,7.0107e-10,6.88662e-08,5.97721e-09,6.14442e-15,1.0,6.39405e-18,1.18956e-09,7.51274e-16
img_02702.jpg,0.0571868,3.05005e-16,0.0313914,1.50952e-10,0.911422,1.37158e-15,2.14475e-10,3.3313e-16
img_01955.jpg,0.975624,4.48534e-07,0.00054636,0.00344351,0.0203803,3.07588e-06,8.98793e-08,2.02469e-06
img_05222.jpg,0.00401278,7.28099e-06,0.99584,3.49332e-12,2.77734e-06,4.22312e-24,0.000136839,5.90397e-10
img_03410.jpg,1.62168e-05,5.93415e-16,7.5342e-06,0.999848,1.85388e-05,2.89168e-06,7.43462e-07,0.000106397
img_04921.jpg,0.0693882,7.62e-11,0.0563154,8.58566e-11,0.874296,1.48467e-12,2.21771e-14,2.96011e-09
img_06321.jpg,7.49047e-19,1.70746e-24,2.61071e-14,4.07111e-21,1.0,7.04748e-33,4.99883e-29,1.15447e-24
img_06440.jpg,1.64529e-11,1.10245e-10,1.64615e-08,5.4244e-13,1.0,2.03877e-18,2.51163e-09,1.13559e-11
img_02949.jpg,3.49734e-05,6.65445e-14,0.944728,3.99981e-12,0.0552374,1.99235e-12,3.2034e-12,6.38088e-14
img_03945.jpg,3.53157e-16,1.68168e-14,8.7928e-11,4.30625e-16,1.0,1.09926e-21,2.72493e-13,3.46171e-15
img_04015.jpg,6.66442e-08,0.000208049,3.49619e-08,0.999339,0.000157075,1.2415e-19,3.2119e-09,0.000295692
img_02766.jpg,0.999952,2.23458e-11,4.67801e-08,4.56237e-05,6.47046e-07,6.3016e-14,1.4861e-06,6.2336e-16
img_01142.jpg,0.000306634,1.13818e-06,0.980339,1.97021e-06,0.0193517,8.98765e-10,3.42778e-09,3.20389e-09
img_04410.jpg,1.41776e-22,1.02351e-21,1.41943e-13,1.3612e-10,1.0,3.37814e-31,2.36556e-27,2.91793e-21
img_01379.jpg,3.26067e-05,0.00735515,0.270491,4.34957e-09,2.84304e-06,5.10641e-11,0.722118,5.10485e-10
img_01366.jpg,1.22464e-10,0.950476,0.0495147,8.87732e-06,8.12302e-12,2.85957e-15,4.45761e-08,4.05568e-10
img_05828.jpg,1.55193e-16,9.7484e-16,1.0,7.42414e-09,3.05894e-09,8.00012e-29,8.31797e-24,2.93652e-20
img_02082.jpg,0.000199274,0.00570439,0.994018,3.07998e-12,7.79184e-05,1.79449e-18,2.22987e-13,3.48805e-17
img_05492.jpg,1.0,4.7902e-18,4.64099e-09,5.15444e-16,1.75087e-16,3.85396e-11,5.26783e-20,6.66615e-21
img_00493.jpg,5.82866e-15,4.2369e-17,5.53904e-10,5.27179e-05,0.999947,6.39552e-32,4.18005e-17,1.74136e-17
img_04129.jpg,5.15752e-05,9.71061e-16,1.39467e-06,1.78209e-06,0.999931,2.8772e-11,9.87656e-06,4.36212e-06
img_03210.jpg,0.0786478,4.17538e-20,0.921352,2.65014e-20,2.4316e-19,1.87114e-22,4.04063e-20,1.58338e-14
img_04640.jpg,1.61822e-27,9.8471e-18,2.3908e-13,1.51918e-22,1.0,3.82041e-38,1.43652e-31,3.77903e-22
img_04712.jpg,0.0129505,3.33921e-09,0.517375,3.03097e-05,0.469644,3.12604e-17,5.20837e-14,2.46519e-07
img_02372.jpg,2.38146e-15,9.00725e-20,2.52308e-07,1.74913e-19,1.0,1.25002e-21,6.06788e-20,1.23048e-21
img_02749.jpg,8.43641e-05,0.00523285,0.99468,3.00726e-09,1.0413e-07,1.35666e-14,2.29949e-06,8.19734e-13
img_01022.jpg,0.117918,1.94433e-08,0.881957,1.8215e-07,0.000102198,1.32538e-15,2.24631e-05,6.09603e-13
img_00285.jpg,9.21414e-12,8.3781e-16,3.48158e-06,8.15786e-12,0.999997,6.68774e-31,1.26316e-20,1.05481e-18
img_06922.jpg,1.68885e-06,2.74537e-16,2.91486e-08,2.14649e-19,0.999998,3.47347e-23,5.15981e-10,9.39046e-16
img_02540.jpg,2.36653e-12,1.14509e-07,0.000145271,6.81065e-10,0.999855,1.37035e-19,8.50855e-09,1.65539e-09
img_01831.jpg,1.9645e-05,9.7393e-06,0.999969,1.97623e-13,1.00513e-10,1.54735e-15,2.01462e-06,1.29653e-13
img_00575.jpg,9.13129e-07,5.04291e-05,0.245262,1.65707e-12,0.754683,1.54584e-11,3.20789e-06,1.21778e-09
img_04247.jpg,0.000633286,0.000231078,0.999134,9.87802e-09,1.7371e-06,6.79732e-12,2.2661e-13,2.91006e-13
img_02666.jpg,0.000313685,5.73955e-20,5.25236e-05,1.57824e-12,0.999634,7.75462e-18,5.05962e-16,3.9022e-30
img_06285.jpg,3.61711e-28,7.5292e-12,0.141411,5.2901e-20,0.858589,1.1938e-15,6.58207e-25,1.80498e-07
img_00172.jpg,8.66123e-20,6.71677e-13,4.85597e-12,3.15832e-16,1.0,1.8807e-16,1.85485e-15,5.89543e-21
img_07590.jpg,0.999628,3.30111e-15,2.61261e-06,1.68092e-12,0.000369482,1.23188e-11,8.44475e-11,3.46478e-12
img_06975.jpg,2.85741e-20,2.58794e-21,1.20691e-13,1.47883e-19,1.0,2.61544e-27,2.27189e-18,7.52648e-25
img_05568.jpg,5.67167e-06,4.93829e-19,1.39895e-09,7.03716e-14,0.999994,7.89585e-13,9.71425e-12,1.66499e-10
img_05595.jpg,1.15031e-09,5.24538e-18,8.42192e-08,1.28256e-14,1.0,1.12101e-23,4.02731e-17,5.72002e-23
img_05087.jpg,0.0269457,8.75536e-14,0.000428216,1.07136e-06,0.971763,8.55004e-15,0.00086219,8.06288e-13
img_00590.jpg,1.15418e-23,3.64283e-20,5.62023e-20,7.01921e-22,1.0,3.22466e-36,1.31981e-25,4.33461e-25
img_04507.jpg,9.89528e-22,0.000957824,9.86013e-06,4.11493e-21,0.999032,5.57299e-27,4.46478e-31,1.16747e-08
img_00180.jpg,3.65351e-06,2.00872e-16,0.994354,5.66883e-20,0.00564226,9.5363e-17,3.44844e-28,1.80829e-19
img_02889.jpg,0.999506,2.50836e-05,0.000468325,5.30368e-10,2.25373e-10,2.11457e-16,4.60384e-10,1.02636e-08
img_04263.jpg,3.08902e-14,1.51212e-14,1.0,4.45725e-11,3.82682e-12,6.23178e-24,1.49381e-24,1.95008e-18
img_05276.jpg,9.19202e-09,8.64781e-13,0.000512254,2.10782e-13,0.999488,7.64304e-17,1.93212e-08,7.12958e-14
img_07818.jpg,1.21533e-10,1.40683e-24,7.06987e-14,4.94538e-10,1.0,5.69883e-16,5.62777e-16,8.37436e-14
img_04476.jpg,2.59124e-16,4.4556e-10,3.32646e-15,8.81421e-23,1.0,7.06242e-30,2.78482e-27,1.53483e-22
img_00282.jpg,2.62538e-07,0.67264,0.297804,0.000296874,2.15868e-08,3.79721e-11,0.0292393,1.90429e-05
img_02687.jpg,0.348332,1.52264e-18,7.1645e-13,2.48902e-14,0.651668,5.3785e-16,2.30116e-17,7.19339e-17
img_02920.jpg,1.53187e-15,1.13122e-13,1.44326e-10,1.0,2.12035e-08,1.2109e-16,2.21778e-14,2.2636e-09
img_02172.jpg,2.38397e-06,1.86513e-06,0.0850172,3.43707e-09,0.914978,1.32719e-08,1.14134e-08,4.06634e-08
img_07348.jpg,9.42995e-05,2.45406e-13,0.990602,2.362e-12,0.0093035,1.58406e-13,6.85165e-11,3.73585e-12
img_01803.jpg,4.25529e-07,6.48541e-24,1.0,1.3619e-26,1.5143e-14,6.81091e-13,2.64214e-10,5.34151e-18
img_01222.jpg,2.07741e-05,0.0448069,2.28168e-05,0.00221447,0.952614,2.8804e-09,0.000318436,2.02811e-06
img_06302.jpg,4.62065e-09,0.00881902,0.848668,1.64921e-06,3.00756e-05,1.48937e-09,0.142481,2.86822e-11
img_07893.jpg,4.6115e-22,4.73427e-19,1.2342e-16,1.01892e-20,1.0,1.27662e-36,2.07909e-23,2.34134e-26
img_05015.jpg,9.9798e-05,2.71827e-07,0.261676,0.737202,4.85324e-06,1.91372e-06,0.00101457,3.36473e-08
img_07224.jpg,8.42421e-11,7.94485e-07,3.60484e-08,0.357784,0.64221,1.53919e-10,3.13828e-09,5.57103e-06
img_07352.jpg,1.98584e-12,2.01246e-18,5.85376e-07,6.77044e-13,0.999999,8.84656e-18,6.78196e-10,2.45178e-14
img_01640.jpg,4.61251e-19,8.54213e-32,1.61713e-22,9.92627e-16,1.0,5.58544e-20,2.86404e-26,6.053e-18
img_05908.jpg,5.47725e-13,4.27708e-11,1.1907e-06,1.48853e-16,0.999999,4.86102e-15,2.40986e-14,3.20959e-14
img_04013.jpg,2.16778e-12,6.33324e-12,3.11042e-10,7.1759e-17,1.0,5.53546e-28,5.47613e-21,1.78074e-20
img_01224.jpg,0.600601,3.2747e-06,0.385117,0.00308368,0.0111949,1.06546e-07,4.33057e-10,2.17888e-07
img_07419.jpg,0.662581,1.13798e-14,7.11975e-06,1.15981e-20,7.02857e-13,2.36104e-10,0.337412,1.44284e-22
img_07160.jpg,0.0339845,2.65065e-10,5.16928e-06,0.960747,0.00526283,1.15059e-15,1.09809e-13,5.68884e-07
img_03444.jpg,2.33379e-05,3.95674e-07,0.0542294,0.0115928,0.932295,4.28802e-08,5.41311e-08,0.00185893
img_05722.jpg,6.57898e-09,5.14798e-07,1.0,8.25831e-10,1.69688e-10,8.70828e-18,2.6106e-13,1.62525e-12
img_03943.jpg,4.4071e-14,2.80259e-25,7.04069e-12,2.71199e-19,1.0,1.02477e-23,8.31627e-23,5.86762e-25
img_05640.jpg,1.7099e-07,1.2881e-12,5.32309e-12,0.999968,3.15157e-05,1.51234e-17,3.00321e-13,6.88206e-10
img_06959.jpg,6.97342e-07,1.61958e-13,3.63314e-08,0.999998,1.473e-06,2.41845e-19,6.38571e-16,2.36839e-12
img_07628.jpg,7.33015e-06,8.1328e-13,0.00034455,1.44732e-09,0.966876,7.26804e-18,0.0327722,1.21633e-18
img_05293.jpg,0.101318,2.74451e-12,0.00371897,3.30223e-16,0.894963,3.44557e-26,2.24388e-16,1.91185e-15
img_05475.jpg,2.71788e-12,1.71324e-12,2.08437e-08,0.998663,0.00133706,9.20088e-13,1.6873e-20,7.38289e-15
img_00473.jpg,5.72919e-18,1.83558e-23,8.40672e-12,6.26966e-19,1.0,1.76594e-28,1.31423e-14,2.55266e-22
img_02974.jpg,5.07006e-06,3.99178e-15,0.0016274,2.40195e-08,0.981318,1.05567e-10,7.444e-05,0.0169755
img_02077.jpg,0.000539293,0.906505,0.0819483,4.74392e-05,0.0108164,4.57322e-12,0.000143691,4.45261e-11
img_06832.jpg,1.79154e-06,0.00015147,0.489805,5.23192e-06,8.44346e-05,1.47298e-07,0.509952,2.31139e-08
img_06690.jpg,0.737496,9.14268e-07,0.262459,6.36546e-13,1.77449e-06,5.5709e-11,4.26969e-05,9.27374e-13
img_01426.jpg,2.46185e-10,4.13048e-20,1.0,9.84477e-17,1.20963e-16,3.42111e-24,4.26659e-10,1.42156e-26
img_07051.jpg,5.98718e-07,1.1601e-16,0.999959,1.12575e-11,4.18161e-11,2.46292e-20,4.07887e-05,5.39884e-25
img_07318.jpg,0.998723,1.90385e-06,0.00127389,8.32523e-14,7.7075e-09,2.30586e-07,8.2836e-07,1.54137e-14
img_00027.jpg,3.28648e-13,1.15465e-15,1.09085e-07,2.90192e-13,1.0,4.59439e-24,1.39776e-17,1.01657e-18
img_06616.jpg,1.11455e-10,3.6046e-15,1.47837e-08,1.20718e-21,1.0,5.63788e-30,2.9834e-22,6.06523e-18
img_07319.jpg,2.91113e-23,2.30781e-16,1.16453e-11,7.66162e-25,1.0,1.25008e-32,4.22484e-26,2.04177e-28
img_02416.jpg,3.94858e-07,7.23938e-07,0.999847,5.0789e-08,2.27772e-05,8.2157e-09,0.000128903,2.20884e-08
img_02734.jpg,2.81787e-12,3.5181e-05,3.32751e-09,0.998736,0.00122072,2.14565e-13,3.43017e-06,4.35603e-06
img_03563.jpg,0.00170426,2.37561e-12,0.948054,1.45073e-12,0.0113331,0.0389086,4.79494e-10,9.607e-18
img_02422.jpg,2.19122e-18,1.11288e-15,1.22585e-11,2.01668e-14,1.0,2.38542e-29,2.93678e-22,1.20063e-21
img_07156.jpg,1.39601e-05,4.03069e-05,2.83194e-07,0.0111435,2.11258e-06,1.62579e-05,0.00918815,0.979595
img_05439.jpg,1.11647e-05,1.34608e-05,0.999752,3.58592e-05,2.24955e-05,1.00672e-06,0.000164294,8.62131e-11
img_06571.jpg,7.97165e-07,7.24398e-09,0.254245,0.0139545,0.7318,1.01537e-14,8.1017e-10,8.03853e-11
img_01825.jpg,6.41063e-08,7.31254e-11,3.59638e-14,2.30267e-07,0.999936,9.45665e-18,1.23267e-08,6.39204e-05
img_05754.jpg,0.0112251,6.87738e-15,0.000154607,5.29353e-14,0.98862,3.02287e-13,5.1238e-19,4.32369e-11
img_02347.jpg,2.8636e-05,7.23827e-14,8.11595e-16,1.77151e-07,0.999971,1.12393e-20,9.6174e-16,1.89322e-15
img_06311.jpg,0.0450607,6.93329e-05,0.950494,0.00191464,0.00243965,5.21637e-08,2.10679e-05,2.55859e-07
img_01593.jpg,1.42009e-16,1.09948e-11,8.4061e-08,9.5859e-19,1.0,5.61668e-26,2.05508e-24,2.9778e-17
img_02291.jpg,0.00253196,4.19449e-21,0.791882,1.37696e-16,0.205586,4.48845e-26,9.78309e-10,4.67143e-20
img_03229.jpg,3.06744e-07,1.92505e-17,1.7165e-11,5.13054e-16,1.0,6.76833e-21,6.67414e-13,1.8154e-17
img_00311.jpg,7.50312e-18,2.08065e-28,9.11302e-24,4.02214e-15,1.0,1.31153e-19,6.03898e-26,3.89305e-20
img_05251.jpg,3.59886e-06,5.70441e-13,5.09359e-09,2.46625e-13,0.999996,6.81968e-27,9.94765e-16,3.43537e-14
img_02119.jpg,0.000124756,1.00529e-13,0.999084,9.60757e-11,0.000791674,1.90971e-12,2.9397e-13,6.98936e-13
img_01856.jpg,1.20946e-08,1.53287e-22,7.03941e-12,2.53059e-22,1.0,4.09161e-23,1.59225e-24,6.45094e-18
img_02769.jpg,0.00425038,1.1926e-05,0.608923,3.92012e-09,0.386716,2.72199e-13,9.88409e-05,1.66748e-10
img_05539.jpg,2.78558e-10,0.491299,0.504996,0.00368769,4.63051e-09,9.02724e-12,1.72939e-05,1.86019e-08
img_05548.jpg,0.998391,3.31007e-11,3.01866e-05,1.57576e-05,1.24402e-06,5.51713e-18,0.00156142,8.02987e-10
img_03674.jpg,0.0228242,4.96165e-08,0.190103,3.92785e-06,1.13825e-05,4.55299e-09,0.787057,2.73778e-16
img_04740.jpg,4.17695e-14,1.57502e-07,7.15524e-08,2.6835e-08,0.999999,1.73081e-21,3.19849e-07,8.48619e-11
img_06373.jpg,0.0923224,2.69411e-12,0.885661,2.19158e-14,0.00270872,1.76398e-09,0.0193082,1.79766e-12
img_02124.jpg,1.77861e-14,9.88302e-14,1.42343e-10,5.74585e-16,1.0,7.74801e-21,2.6724e-13,7.06258e-16
img_05084.jpg,8.82353e-22,5.64072e-22,7.56125e-17,1.45307e-17,1.0,8.47899e-31,3.19416e-24,7.7169e-26
img_06521.jpg,2.19667e-20,1.50457e-15,1.50955e-10,2.41453e-25,1.0,1.55421e-31,1.42898e-24,1.4737e-27
img_04237.jpg,0.00410777,3.47495e-10,0.995892,5.4454e-14,1.76206e-21,1.07845e-15,1.71973e-09,1.32902e-12
img_00894.jpg,0.00118854,3.6994e-10,0.998204,1.88237e-14,0.000607721,2.19545e-21,1.67554e-09,3.80016e-09
img_00292.jpg,3.21231e-19,1.55274e-13,2.53239e-05,1.80437e-19,0.999975,8.93912e-25,1.30251e-17,6.05959e-19
img_07448.jpg,0.00030975,0.929521,0.0671876,0.000232607,0.000364058,1.04357e-11,0.00237569,8.90541e-06
img_03527.jpg,0.999771,7.40107e-14,0.000228559,9.33214e-14,4.28196e-22,8.64269e-10,2.62568e-13,2.01334e-08
img_03801.jpg,3.32663e-07,6.89808e-16,1.14714e-07,6.7226e-09,1.0,5.71425e-18,1.03722e-09,3.87415e-17
img_06673.jpg,0.00104167,1.42806e-14,0.700784,1.27037e-10,0.298174,5.09758e-22,8.47475e-12,1.06389e-16
img_07428.jpg,1.55997e-07,4.60866e-11,0.000642921,0.0560631,0.943294,4.17963e-16,2.23208e-14,1.06442e-09
img_04750.jpg,7.54666e-14,1.30397e-09,6.3314e-19,6.44233e-10,1.0,6.92003e-19,1.20412e-13,5.25391e-09
img_05948.jpg,4.18631e-11,6.63009e-09,8.34077e-07,1.49272e-07,0.999999,1.33031e-11,1.2219e-10,2.12305e-10
img_00152.jpg,0.866702,1.80686e-09,0.00664361,4.09614e-22,6.75854e-11,7.61429e-13,0.126654,1.06564e-18
img_00654.jpg,0.968823,5.54046e-11,0.000201532,5.30255e-09,5.18889e-12,2.9865e-11,0.0309754,2.94437e-13
img_03074.jpg,5.68942e-10,1.57046e-09,2.40351e-06,4.97601e-06,4.52621e-07,1.42151e-07,0.999992,1.86237e-10
img_05156.jpg,7.63872e-06,0.148319,0.851608,3.84369e-05,6.91986e-06,1.67276e-16,1.97126e-05,5.52953e-08
img_05682.jpg,5.88792e-07,4.90871e-05,6.32863e-11,1.50235e-12,0.99995,5.19389e-24,6.54591e-13,7.13084e-13
img_00046.jpg,0.00531223,6.47436e-13,0.938844,1.05635e-06,3.34018e-09,1.6204e-07,0.00161317,0.0542292
img_01745.jpg,4.228e-05,2.54949e-07,0.606668,0.387616,0.00565877,3.59221e-08,1.4616e-05,6.25944e-09
img_03488.jpg,1.11517e-09,1.79846e-15,1.97679e-06,0.999944,1.73561e-08,2.34822e-06,2.70752e-05,2.49339e-05
img_05438.jpg,0.00904315,0.0102926,0.440467,0.529489,0.0106912,7.06038e-21,1.09484e-05,5.99356e-06
img_03087.jpg,1.07376e-10,3.22435e-10,4.10891e-08,0.999998,1.64911e-06,1.20192e-09,3.48783e-15,6.20229e-11
img_02285.jpg,4.30193e-09,1.5872e-24,1.0,8.28439e-20,4.00114e-17,6.48815e-20,1.58151e-16,2.6441e-20
img_06237.jpg,0.000149511,0.000289393,0.022527,0.000155438,0.976876,5.766e-10,2.06883e-06,1.06097e-07
img_00446.jpg,0.00744624,5.25604e-10,0.00410124,0.721781,0.266671,3.59556e-11,4.82037e-11,1.6482e-09
img_05445.jpg,0.09024,2.24753e-06,0.47466,3.40416e-05,0.435044,1.94649e-05,4.15385e-07,3.20788e-11
img_04830.jpg,4.13541e-09,1.04832e-20,1.0,9.01334e-12,3.04892e-11,4.19941e-23,7.67101e-16,1.10441e-18
img_06807.jpg,2.54274e-06,0.0438889,0.949578,0.000484946,0.00603864,2.76568e-10,7.02722e-06,2.21614e-09
img_06294.jpg,6.01976e-16,6.97782e-10,1.0,2.17127e-11,2.43192e-08,1.16161e-16,6.91516e-23,1.41599e-16
img_06798.jpg,1.08126e-06,1.28427e-13,6.14558e-07,0.999186,0.000231817,2.27765e-14,4.80712e-05,0.000532021
img_01188.jpg,7.98617e-08,1.43768e-10,0.321507,4.1344e-05,0.678451,8.23077e-17,8.69805e-14,4.00084e-08
img_05857.jpg,1.35869e-09,5.92754e-16,1.02407e-05,0.000754479,0.997695,1.88496e-15,4.58304e-15,0.00153988
img_04419.jpg,1.10243e-07,0.00192164,4.84062e-10,0.361091,1.16213e-06,4.4176e-09,0.636588,0.000397797
img_05284.jpg,1.50861e-06,1.39058e-12,0.000835822,1.23908e-07,0.999138,9.8667e-10,2.49275e-05,3.53298e-15
img_07278.jpg,4.63458e-18,2.08787e-28,6.69674e-20,2.8555e-11,1.0,1.98726e-18,4.4476e-26,1.31414e-18
img_00587.jpg,1.00248e-09,1.74436e-10,1.34523e-06,2.10027e-11,0.999999,1.11038e-18,1.74751e-15,1.84776e-18
img_07543.jpg,0.6806,1.45467e-12,2.04905e-05,0.00948695,0.309884,1.48555e-12,2.74074e-11,8.72939e-06
img_03238.jpg,1.6279e-30,1.59503e-19,2.05377e-14,6.83559e-20,1.0,7.97653e-38,5.00094e-26,2.39086e-28
img_04257.jpg,1.34193e-07,6.08246e-12,0.999872,6.69106e-14,0.000127751,1.03221e-22,1.36497e-15,7.25222e-13
img_05735.jpg,1.30618e-21,1.463e-22,6.30596e-17,5.02247e-24,1.0,0.0,1.26584e-20,5.762e-31
img_01996.jpg,1.4313e-14,3.0314e-14,4.42299e-10,8.29153e-11,1.0,8.51227e-25,5.87437e-17,5.17142e-13
img_05074.jpg,9.03571e-06,5.76787e-14,1.98996e-07,2.35073e-17,0.999991,4.24957e-16,4.81639e-10,1.47638e-14
img_04642.jpg,5.47804e-17,3.18673e-15,2.90832e-17,1.11004e-14,1.0,5.65881e-26,2.47144e-23,8.6517e-25
img_07659.jpg,4.89535e-20,3.73793e-23,8.05563e-16,1.54313e-21,1.0,9.07719e-30,7.97824e-22,7.16719e-30
img_04138.jpg,3.74953e-07,7.81229e-05,4.30663e-07,0.768952,0.211147,6.86765e-15,0.0197047,0.000117895
img_07467.jpg,4.95796e-10,6.82137e-26,1.11045e-13,2.34651e-07,1.0,3.03899e-12,4.7882e-16,7.74853e-10
img_05794.jpg,0.0222791,5.0108e-08,0.00138333,0.975187,2.09797e-06,5.10463e-13,0.0004674,0.000681519
img_06637.jpg,1.31922e-11,1.27757e-09,6.29001e-09,6.52223e-18,0.999989,5.12309e-06,6.22255e-06,8.70839e-13
img_07746.jpg,0.746538,7.30235e-15,0.00527836,2.58112e-17,0.248184,4.94069e-13,8.00582e-15,9.63871e-18
img_07616.jpg,8.69619e-05,0.00176182,0.792554,0.0625878,0.112512,8.60275e-09,0.0304976,1.55847e-10
img_00584.jpg,1.02352e-08,2.15511e-16,0.00314209,0.112998,0.88386,1.09452e-19,1.69423e-10,4.42325e-18
img_01782.jpg,1.83043e-12,9.01479e-16,2.34307e-05,3.64049e-13,0.999977,8.12997e-23,4.38589e-15,1.48784e-21
img_03809.jpg,0.610886,2.57236e-08,0.315724,2.54301e-08,0.0714364,0.000310555,0.00164323,4.39297e-13
img_06800.jpg,0.161239,0.00063322,0.795146,0.00910543,0.0338205,2.06853e-07,5.58677e-05,5.79962e-10
img_03254.jpg,1.87429e-12,4.00372e-14,5.87023e-10,1.15619e-16,1.0,5.88731e-19,5.68953e-11,5.17903e-16
img_04073.jpg,0.000317047,3.96231e-11,0.0095548,1.21476e-14,0.990128,8.38955e-25,6.03158e-15,7.85203e-18
img_00730.jpg,8.29054e-13,4.74157e-16,3.45959e-07,1.75515e-08,1.0,2.8185e-23,1.89529e-13,2.82712e-11
img_07553.jpg,0.000171995,0.000891215,1.59067e-05,0.00052237,0.998398,3.88706e-17,1.61098e-11,4.0325e-11
img_00550.jpg,7.40159e-12,9.31478e-22,5.14901e-10,1.3026e-13,1.0,6.1436e-16,1.46655e-12,1.41943e-18
img_05692.jpg,0.170038,4.97835e-10,0.828935,5.12329e-11,0.000312528,2.2692e-09,0.00071477,1.24816e-12
img_07192.jpg,3.45715e-15,5.67383e-15,5.27873e-17,1.48751e-08,0.999993,8.68554e-08,2.49442e-10,6.74882e-06
img_02954.jpg,0.00233023,7.00956e-06,0.639562,0.21087,0.139704,6.02271e-05,0.000245145,0.00722014
img_02252.jpg,1.29645e-09,6.56958e-15,2.19483e-09,6.26701e-07,0.999999,3.76237e-09,2.11944e-13,2.41076e-07
img_06001.jpg,1.08375e-07,2.66112e-09,1.14925e-08,1.10083e-10,0.999251,5.12425e-13,0.000745617,3.06383e-06
img_05813.jpg,3.91066e-09,1.00664e-07,3.22986e-12,0.000128716,3.09585e-08,2.88557e-15,1.7518e-09,0.999871
img_01984.jpg,9.74832e-06,1.10696e-05,0.895148,2.24375e-06,5.58688e-09,9.653e-18,0.104633,0.000196145
img_01616.jpg,0.186886,7.8442e-13,0.813113,1.81885e-11,1.53473e-06,3.36918e-11,2.91251e-11,2.37839e-13
img_01384.jpg,1.04668e-11,6.88344e-17,9.65252e-09,4.82737e-11,1.0,5.71225e-18,6.13469e-11,3.2422e-13
img_04369.jpg,7.15786e-18,4.27853e-21,1.06937e-12,7.40821e-18,1.0,8.44392e-21,3.07991e-21,6.76459e-21
img_06947.jpg,1.08933e-09,2.87383e-18,0.00387634,1.00576e-10,0.996124,1.06864e-23,3.09029e-14,9.46988e-21
img_06273.jpg,4.51267e-09,9.08663e-11,2.79356e-09,0.59252,0.40748,1.613e-11,4.42291e-09,9.79023e-11
img_05328.jpg,1.13759e-09,7.04377e-13,1.0,3.00263e-07,4.65683e-09,2.05779e-14,2.47913e-13,2.66566e-15
img_07354.jpg,0.00107495,1.60791e-16,2.67736e-05,0.72674,0.246919,7.89137e-08,6.32521e-08,0.0252391
img_03764.jpg,3.89887e-07,1.4113e-09,8.54941e-08,0.999112,0.00088773,1.354e-12,1.68999e-09,1.43684e-10
img_00833.jpg,1.5797e-10,8.91352e-21,1.50931e-09,4.98253e-16,1.0,2.85063e-25,5.63983e-22,2.54998e-17
img_07426.jpg,0.056794,8.14366e-10,0.943157,4.8066e-06,4.41222e-05,3.35219e-15,2.5859e-10,1.74687e-12
img_06608.jpg,0.0220587,0.838526,0.0840919,0.000116732,3.12319e-05,3.84342e-05,0.0550599,7.7372e-05
img_01834.jpg,0.000661532,4.55433e-14,0.999338,2.19257e-16,2.0532e-11,4.05677e-12,5.48817e-07,3.41427e-14
img_02398.jpg,7.98303e-07,0.000262587,0.0012657,0.00131573,4.92746e-07,6.12213e-12,0.997154,2.00999e-07
img_05603.jpg,0.179908,0.00360182,0.815328,9.52e-08,0.00111286,1.28564e-12,4.91664e-05,2.94308e-10
img_03867.jpg,2.92792e-12,1.13543e-08,1.58419e-07,1.93794e-09,1.0,1.18724e-13,1.46606e-10,3.90421e-15
img_00982.jpg,0.000267326,0.000426515,0.574839,9.40479e-07,3.06222e-05,2.61597e-08,1.90737e-05,0.424416
img_05755.jpg,2.14072e-06,2.72515e-12,0.000218622,0.000190047,0.999589,1.04971e-14,7.28595e-16,1.2193e-12
img_07700.jpg,8.93761e-14,4.87217e-13,1.41612e-07,1.44855e-12,1.0,4.11605e-21,6.10227e-13,7.67174e-13
img_04520.jpg,5.43712e-07,9.94277e-19,0.999999,1.26074e-11,1.51147e-08,8.56368e-21,6.50321e-21,8.60186e-19
img_02006.jpg,0.0050577,1.0439e-11,0.99481,6.25116e-08,0.000132052,2.52422e-16,2.54e-10,8.08919e-18
img_03116.jpg,2.25767e-10,9.62622e-17,2.84748e-08,4.24648e-08,1.0,1.26759e-24,2.50862e-08,2.46999e-24
img_00398.jpg,9.31424e-08,8.77767e-25,0.00275469,4.68823e-05,0.997198,1.91787e-12,1.60862e-13,3.74963e-15
img_03456.jpg,0.0214613,5.02889e-15,0.336632,1.41942e-06,0.641903,7.50997e-13,2.79446e-06,2.92812e-14
img_00729.jpg,4.91469e-09,7.84059e-17,1.0,1.0428e-12,3.05308e-10,1.26317e-15,5.45797e-14,3.89722e-14
img_04675.jpg,5.57652e-06,2.96451e-18,0.999994,6.32154e-20,8.68676e-19,3.75027e-14,4.74208e-07,2.00024e-16
img_05349.jpg,8.58408e-08,1.07396e-15,5.82503e-08,1.93219e-21,4.66046e-12,1.41831e-11,1.0,1.7918e-12
img_01781.jpg,9.92905e-07,2.04795e-07,0.00772632,0.00417118,0.988015,5.77889e-17,8.63506e-05,4.55745e-07
img_05236.jpg,1.66283e-23,6.93031e-23,2.05288e-17,4.15506e-23,1.0,0.0,1.62339e-27,1.46234e-24
img_00773.jpg,0.00798681,6.20926e-09,0.99197,3.90448e-10,4.05184e-05,5.28185e-16,2.86845e-06,7.20497e-08
img_03290.jpg,9.90907e-13,1.51665e-10,1.46071e-10,4.15258e-20,1.0,2.29471e-22,7.01515e-19,1.12633e-18
img_05186.jpg,1.38394e-13,8.79051e-07,1.20651e-13,4.12033e-24,0.999999,1.57973e-09,2.67609e-17,5.81371e-22
