image,ALB,BET,DOL,LAG,NoF,OTHER,SHARK,YFT
img_06909.jpg,0.233227,0.104445,0.101891,0.113743,0.109939,0.11925,0.103641,0.113863
img_07103.jpg,0.192918,0.104625,0.106963,0.106902,0.152687,0.107147,0.109859,0.1189
img_04118.jpg,0.150128,0.112142,0.103767,0.12297,0.160534,0.12603,0.110945,0.113484
img_03043.jpg,0.11077,0.111054,0.117024,0.104183,0.112117,0.0927563,0.100102,0.251993
img_06916.jpg,0.193873,0.102007,0.106323,0.10545,0.143382,0.126163,0.110788,0.112013
img_01431.jpg,0.175304,0.116071,0.104757,0.118205,0.123373,0.124751,0.10456,0.13298
img_01058.jpg,0.239893,0.105717,0.104485,0.100863,0.121645,0.105263,0.0997869,0.122347
img_01249.jpg,0.190395,0.0994098,0.0987655,0.104096,0.169771,0.113397,0.10359,0.120575
img_07505.jpg,0.153716,0.117417,0.110163,0.103173,0.17848,0.114779,0.108626,0.113644
img_03223.jpg,0.133046,0.123612,0.096545,0.110309,0.15414,0.113517,0.101738,0.167095
img_02703.jpg,0.157111,0.115374,0.108794,0.110398,0.115747,0.102828,0.114207,0.175541
img_02943.jpg,0.209156,0.115029,0.105407,0.123245,0.129599,0.105008,0.106709,0.105847
img_00828.jpg,0.20801,0.121369,0.103274,0.108118,0.147069,0.0990525,0.106452,0.106655
img_04130.jpg,0.244646,0.0998477,0.112088,0.110433,0.108668,0.103923,0.108077,0.112318
img_00417.jpg,0.119371,0.104985,0.103311,0.0995616,0.108396,0.103485,0.110075,0.250815
img_03670.jpg,0.222362,0.104574,0.104194,0.107005,0.115119,0.106853,0.106049,0.133843
img_00708.jpg,0.212647,0.113129,0.112629,0.106852,0.120131,0.111404,0.107846,0.115361
img_03082.jpg,0.132047,0.137643,0.107216,0.112931,0.154091,0.106749,0.102675,0.146648
img_05459.jpg,0.235539,0.101614,0.104152,0.10972,0.10881,0.115658,0.104801,0.119705
img_07120.jpg,0.15308,0.10646,0.110779,0.105818,0.100183,0.101287,0.117231,0.205161
img_06165.jpg,0.165419,0.134314,0.122719,0.102775,0.115606,0.120237,0.110964,0.127966
img_06506.jpg,0.172146,0.110341,0.109454,0.108126,0.154266,0.103092,0.11921,0.123366
img_00223.jpg,0.246399,0.105425,0.111997,0.101241,0.110608,0.113073,0.104192,0.107067
img_03520.jpg,0.191615,0.111274,0.10567,0.103799,0.154951,0.111468,0.105731,0.115491
img_05950.jpg,0.231336,0.107232,0.106574,0.107866,0.116003,0.117426,0.104403,0.10916
img_06547.jpg,0.255726,0.105549,0.0980028,0.103002,0.117987,0.0991557,0.099407,0.121171
img_04726.jpg,0.179399,0.107506,0.108607,0.105141,0.172994,0.110187,0.106232,0.109934
img_05292.jpg,0.160565,0.110435,0.106293,0.107014,0.155496,0.122561,0.107697,0.129942
img_01213.jpg,0.173495,0.104653,0.111425,0.110315,0.15654,0.124264,0.110706,0.108601
img_06186.jpg,0.166518,0.117775,0.106606,0.107988,0.136746,0.107062,0.148007,0.109298
img_00030.jpg,0.112366,0.108768,0.111743,0.105922,0.141879,0.102123,0.123518,0.193682
img_06259.jpg,0.0904477,0.102418,0.202674,0.109926,0.108631,0.11897,0.0968617,0.170071
img_07054.jpg,0.138087,0.16362,0.119209,0.107099,0.103133,0.106376,0.119068,0.143408
img_02865.jpg,0.128616,0.103788,0.109374,0.111164,0.22721,0.099553,0.0950362,0.125257
img_02890.jpg,0.121332,0.142796,0.104764,0.106667,0.131136,0.17151,0.103006,0.11879
img_05210.jpg,0.235072,0.116502,0.106293,0.106824,0.122961,0.0961821,0.100967,0.1152
img_05322.jpg,0.230762,0.12008,0.10195,0.104917,0.115738,0.107252,0.104575,0.114727
img_07023.jpg,0.272301,0.103394,0.0985369,0.105563,0.0922846,0.103521,0.104676,0.119723
img_02838.jpg,0.246998,0.110882,0.110107,0.100765,0.105203,0.100152,0.0988511,0.127042
img_04233.jpg,0.149004,0.115205,0.111391,0.108416,0.150738,0.147874,0.116414,0.100957
img_01689.jpg,0.140023,0.118615,0.129316,0.106006,0.114837,0.105539,0.102856,0.182809
img_01632.jpg,0.234375,0.110784,0.0997188,0.102814,0.113588,0.104994,0.104757,0.128969
img_07594.jpg,0.125675,0.162151,0.106646,0.109152,0.12063,0.118534,0.116394,0.140818
img_07143.jpg,0.122859,0.10446,0.109315,0.103051,0.224736,0.125118,0.105235,0.105226
img_03422.jpg,0.224098,0.110397,0.106805,0.107865,0.113306,0.111268,0.106378,0.119884
img_00599.jpg,0.185603,0.139006,0.104511,0.108662,0.121406,0.125834,0.115074,0.0999043
img_02188.jpg,0.188564,0.121364,0.117083,0.109828,0.112959,0.109629,0.120351,0.120222
img_01552.jpg,0.187049,0.108737,0.109439,0.106516,0.173477,0.105643,0.106885,0.102254
img_03628.jpg,0.223659,0.111255,0.109096,0.107755,0.113687,0.106921,0.103505,0.124122
img_05026.jpg,0.226173,0.100748,0.106337,0.104809,0.115573,0.11437,0.102066,0.129924
img_01490.jpg,0.0996287,0.113353,0.102193,0.102337,0.114009,0.115496,0.0998154,0.253169
img_01211.jpg,0.185653,0.102667,0.109692,0.104961,0.10683,0.108158,0.10497,0.177069
img_04422.jpg,0.166952,0.143784,0.109989,0.10777,0.108123,0.110703,0.109149,0.143529
img_06845.jpg,0.152896,0.141462,0.10771,0.110924,0.127718,0.122718,0.108034,0.128537
img_03805.jpg,0.268293,0.100715,0.104815,0.10151,0.106187,0.113378,0.102115,0.102986
img_00914.jpg,0.082495,0.111999,0.0954279,0.0968601,0.115991,0.0973867,0.101911,0.297929
img_04879.jpg,0.134955,0.107974,0.107504,0.113799,0.122819,0.121006,0.107549,0.184394
img_00432.jpg,0.112699,0.0998259,0.128434,0.107732,0.228348,0.118557,0.104473,0.0999298
img_00007.jpg,0.230461,0.111591,0.105486,0.100941,0.107903,0.113158,0.103463,0.126997
img_00133.jpg,0.115834,0.119776,0.100389,0.100881,0.194433,0.124809,0.108412,0.135467
img_02808.jpg,0.199719,0.111654,0.108104,0.110503,0.114506,0.1199,0.106183,0.129431
img_05864.jpg,0.12945,0.203702,0.106657,0.103152,0.0899398,0.107271,0.113596,0.146232
img_07191.jpg,0.140513,0.104928,0.122625,0.110488,0.174008,0.135074,0.112822,0.0995424
img_00865.jpg,0.251112,0.129927,0.102753,0.100491,0.121293,0.105075,0.0962429,0.0931063
img_03228.jpg,0.155191,0.114607,0.120082,0.112955,0.135745,0.123528,0.105864,0.132027
img_00125.jpg,0.258452,0.107999,0.100182,0.107133,0.0998111,0.127054,0.102658,0.0967104
img_02522.jpg,0.148852,0.142361,0.106627,0.108016,0.152223,0.114614,0.107362,0.119944
img_06332.jpg,0.133908,0.110582,0.112219,0.106357,0.14121,0.107001,0.190272,0.0984517
img_03135.jpg,0.150042,0.129285,0.1147,0.10917,0.108631,0.125924,0.107115,0.155133
img_01847.jpg,0.11266,0.127601,0.10863,0.10953,0.129685,0.137012,0.11833,0.156552
img_06851.jpg,0.117115,0.124132,0.120628,0.109812,0.109758,0.11524,0.163099,0.140217
img_06144.jpg,0.0910647,0.109095,0.109297,0.0985983,0.102464,0.102958,0.101746,0.284777
img_02379.jpg,0.148264,0.105077,0.109113,0.107496,0.0973558,0.111484,0.113582,0.207628
img_05038.jpg,0.166736,0.13707,0.105685,0.108025,0.132219,0.120578,0.116156,0.113529
img_02487.jpg,0.237486,0.111351,0.102716,0.104229,0.103179,0.0978092,0.116365,0.126865
img_04559.jpg,0.117288,0.108061,0.124185,0.110139,0.111513,0.125933,0.110039,0.192841
img_06103.jpg,0.14554,0.103205,0.109877,0.109418,0.191632,0.10406,0.109696,0.126572
img_04752.jpg,0.173085,0.104528,0.102679,0.22265,0.0982986,0.096216,0.0962705,0.106272
img_03452.jpg,0.12947,0.157424,0.121647,0.101348,0.117379,0.096275,0.123433,0.153023
img_01571.jpg,0.228266,0.110574,0.102946,0.104905,0.109955,0.102795,0.10713,0.133429
img_03924.jpg,0.14167,0.116762,0.109484,0.104298,0.188835,0.104642,0.102412,0.131898
img_01688.jpg,0.163139,0.117001,0.105701,0.109783,0.131441,0.127868,0.112136,0.13293
img_01824.jpg,0.126772,0.10178,0.105538,0.106936,0.123194,0.132741,0.102841,0.200197
img_00598.jpg,0.177595,0.126111,0.109942,0.109066,0.11671,0.128234,0.113064,0.119278
img_07146.jpg,0.241548,0.105686,0.104977,0.103394,0.106732,0.106555,0.113307,0.117802
img_04719.jpg,0.126036,0.10631,0.103735,0.105647,0.172589,0.161176,0.112678,0.111829
img_03871.jpg,0.0944429,0.102322,0.100975,0.0993214,0.0994099,0.103455,0.101417,0.298657
img_00442.jpg,0.0983718,0.128234,0.138882,0.105538,0.124056,0.125291,0.103294,0.176334
img_00760.jpg,0.189021,0.110713,0.103828,0.126192,0.117848,0.132763,0.103275,0.116361
img_02096.jpg,0.247502,0.108543,0.102456,0.106998,0.103227,0.103603,0.105141,0.122529
img_04532.jpg,0.138411,0.120408,0.115973,0.113553,0.123464,0.116129,0.117668,0.154394
img_03310.jpg,0.200895,0.101313,0.107938,0.109991,0.124899,0.128718,0.105396,0.120849
img_03581.jpg,0.238388,0.106059,0.105269,0.109477,0.124286,0.101442,0.106276,0.108802
img_03064.jpg,0.212508,0.106535,0.109331,0.107652,0.1127,0.114369,0.108478,0.128428
img_04795.jpg,0.133524,0.137309,0.109275,0.105687,0.128397,0.116485,0.109381,0.159943
img_06371.jpg,0.140339,0.16825,0.101642,0.103092,0.101792,0.109899,0.148028,0.126958
img_06469.jpg,0.209125,0.104828,0.104811,0.12045,0.112306,0.117978,0.103773,0.126729
img_04405.jpg,0.158085,0.117903,0.101259,0.108816,0.110095,0.12289,0.115221,0.165732
img_02235.jpg,0.117486,0.103103,0.102996,0.112875,0.108502,0.163958,0.100575,0.190505
img_02904.jpg,0.261148,0.106122,0.11399,0.100861,0.113163,0.0994929,0.104824,0.100399
img_01328.jpg,0.228771,0.106194,0.103509,0.106233,0.119799,0.119679,0.105187,0.110628
img_06962.jpg,0.114575,0.166386,0.099365,0.0984258,0.103149,0.0949921,0.108503,0.214604
img_07583.jpg,0.133454,0.127943,0.114508,0.106801,0.104933,0.118239,0.106067,0.188054
img_04076.jpg,0.154467,0.15022,0.106786,0.117027,0.106459,0.134214,0.109014,0.121814
img_02789.jpg,0.128469,0.108441,0.114537,0.106012,0.149444,0.110055,0.179301,0.103741
img_05572.jpg,0.12567,0.118399,0.0997344,0.107209,0.120796,0.136534,0.11771,0.173948
img_06642.jpg,0.199906,0.115043,0.105181,0.1044,0.124583,0.112047,0.105943,0.132896
img_00999.jpg,0.172122,0.115484,0.108811,0.11006,0.112668,0.111172,0.110895,0.158788
img_01685.jpg,0.122696,0.107071,0.145465,0.109666,0.19427,0.117295,0.101935,0.101603
img_06268.jpg,0.137756,0.110728,0.118021,0.111652,0.141049,0.124939,0.101746,0.154109
img_02646.jpg,0.0976713,0.103831,0.100771,0.103887,0.106639,0.103354,0.110845,0.273002
img_01519.jpg,0.203886,0.107624,0.114538,0.106526,0.11748,0.114288,0.101346,0.134313
img_01649.jpg,0.22608,0.113082,0.107408,0.106473,0.115826,0.109147,0.107759,0.114224
img_04250.jpg,0.0880719,0.10805,0.0981597,0.103084,0.253727,0.116924,0.108298,0.123685
img_02648.jpg,0.101417,0.12104,0.161526,0.103673,0.113211,0.131971,0.101747,0.165415
img_07757.jpg,0.193336,0.111414,0.113755,0.109463,0.152302,0.103287,0.105258,0.111185
img_03475.jpg,0.150673,0.140374,0.103686,0.119488,0.157622,0.0949451,0.105748,0.127463
img_06424.jpg,0.201925,0.10922,0.112701,0.111358,0.140527,0.108047,0.10815,0.108072
img_06010.jpg,0.128424,0.110506,0.110558,0.107318,0.121522,0.16784,0.112062,0.141769
img_02625.jpg,0.177756,0.112786,0.107946,0.106612,0.121506,0.13053,0.108427,0.134436
img_04671.jpg,0.23061,0.107849,0.101029,0.104013,0.100371,0.100512,0.0989398,0.156676
img_05021.jpg,0.112277,0.113674,0.111246,0.106061,0.235978,0.101867,0.104347,0.11455
img_04511.jpg,0.15938,0.139721,0.108602,0.096098,0.145582,0.137387,0.104229,0.109001
img_03222.jpg,0.292155,0.106982,0.099145,0.102423,0.103747,0.0973103,0.102768,0.0954704
img_04603.jpg,0.213072,0.105863,0.106288,0.10189,0.132002,0.10683,0.103787,0.130269
img_04888.jpg,0.182701,0.112621,0.106618,0.1049,0.112489,0.11553,0.103632,0.161509
img_07375.jpg,0.180933,0.115872,0.111333,0.109058,0.101907,0.146632,0.116797,0.117468
img_06038.jpg,0.118764,0.116433,0.121031,0.104439,0.112966,0.110155,0.10564,0.210572
img_00664.jpg,0.264843,0.103243,0.105091,0.103709,0.101574,0.100726,0.10469,0.116122
img_01684.jpg,0.226128,0.0961638,0.101541,0.108975,0.130945,0.100718,0.101914,0.133615
img_06732.jpg,0.238427,0.109051,0.108006,0.103765,0.114067,0.107946,0.108029,0.11071
img_06426.jpg,0.186579,0.113435,0.110783,0.107849,0.118789,0.108803,0.103973,0.149789
img_05721.jpg,0.119519,0.0995428,0.152721,0.114086,0.109147,0.116067,0.108656,0.180261
img_04991.jpg,0.165107,0.118788,0.105619,0.109749,0.116262,0.133461,0.105063,0.145952
img_05587.jpg,0.171427,0.110814,0.108907,0.109133,0.146822,0.124306,0.108462,0.120129
img_07173.jpg,0.111119,0.106097,0.102078,0.105682,0.115187,0.114642,0.110368,0.234827
img_04959.jpg,0.276495,0.106472,0.1033,0.0990781,0.109506,0.106824,0.0973076,0.101017
img_05520.jpg,0.124502,0.116517,0.105147,0.107345,0.174851,0.141297,0.113219,0.117121
img_02367.jpg,0.194693,0.113234,0.110131,0.105936,0.14286,0.119965,0.108254,0.104927
img_06685.jpg,0.132345,0.125236,0.103673,0.109433,0.186422,0.110197,0.101102,0.131593
img_02636.jpg,0.178315,0.112186,0.116954,0.110862,0.143746,0.11086,0.106408,0.12067
img_04271.jpg,0.0872965,0.107068,0.100125,0.102962,0.295686,0.114339,0.0981519,0.0943717
img_06508.jpg,0.0720135,0.105029,0.0902032,0.0972642,0.369477,0.0944283,0.091025,0.0805594
img_04503.jpg,0.0847853,0.0983534,0.0995185,0.0990891,0.316959,0.0966833,0.102267,0.102344
img_03941.jpg,0.233986,0.112219,0.107489,0.113267,0.120075,0.10824,0.101948,0.102776
img_07833.jpg,0.285592,0.0991799,0.0992831,0.101959,0.109993,0.106088,0.101093,0.0968115
img_02799.jpg,0.207377,0.104831,0.106942,0.109303,0.142933,0.105992,0.107488,0.115135
img_05433.jpg,0.189691,0.113409,0.115096,0.109672,0.096071,0.138902,0.110036,0.127122
img_05440.jpg,0.21364,0.116318,0.105273,0.105811,0.124481,0.109292,0.102244,0.122941
img_07508.jpg,0.138183,0.104456,0.112477,0.105787,0.133997,0.101329,0.196042,0.10773
img_03195.jpg,0.1988,0.124324,0.101612,0.105057,0.113655,0.111792,0.13228,0.112479
img_07005.jpg,0.318953,0.101322,0.0964139,0.0960416,0.0937728,0.0944188,0.0971219,0.101956
img_05489.jpg,0.207953,0.11218,0.107266,0.111458,0.118902,0.111929,0.107874,0.122438
img_03426.jpg,0.225977,0.107717,0.111365,0.105369,0.10439,0.110717,0.110983,0.123483
img_03760.jpg,0.169168,0.108515,0.116189,0.122468,0.110804,0.113588,0.109227,0.150042
img_04856.jpg,0.192612,0.119546,0.110827,0.107582,0.146453,0.107502,0.102671,0.112808
img_02209.jpg,0.127534,0.117905,0.106064,0.109127,0.170031,0.131737,0.117194,0.120408
img_00071.jpg,0.127632,0.116355,0.107681,0.202951,0.116919,0.108476,0.101048,0.118938
img_00726.jpg,0.293314,0.102328,0.101302,0.105698,0.103253,0.097986,0.101898,0.0942201
img_01888.jpg,0.146395,0.114427,0.114783,0.11428,0.119171,0.114972,0.114667,0.161305
img_03547.jpg,0.287947,0.109312,0.100942,0.0984605,0.104632,0.0984294,0.101287,0.0989898
img_05426.jpg,0.156128,0.128581,0.107236,0.109999,0.180596,0.101931,0.103018,0.112511
img_07717.jpg,0.18882,0.1068,0.109748,0.108235,0.125289,0.122697,0.105978,0.132433
img_03490.jpg,0.103932,0.122799,0.116294,0.107407,0.222463,0.110413,0.0973742,0.119318
img_00005.jpg,0.0819626,0.105539,0.099444,0.102781,0.272421,0.115395,0.106398,0.11606
img_01657.jpg,0.1101,0.112498,0.119862,0.114533,0.106344,0.105925,0.103174,0.227564
img_00974.jpg,0.263132,0.100071,0.103759,0.103418,0.10759,0.109163,0.103166,0.109701
img_05264.jpg,0.115265,0.101975,0.1164,0.108302,0.118155,0.112688,0.1017,0.225516
img_06324.jpg,0.208956,0.100546,0.116951,0.106685,0.119258,0.129769,0.114117,0.103717
img_00808.jpg,0.260506,0.109932,0.1041,0.104693,0.102113,0.111041,0.101655,0.10596
img_01090.jpg,0.0930426,0.162379,0.10421,0.10871,0.19278,0.117808,0.104861,0.116208
img_02739.jpg,0.244472,0.107561,0.108551,0.106595,0.114732,0.104932,0.106277,0.106881
img_02146.jpg,0.198518,0.117786,0.109882,0.108159,0.144499,0.100142,0.103086,0.117928
img_04285.jpg,0.21861,0.0973345,0.10432,0.104949,0.104466,0.106238,0.102799,0.161283
img_00646.jpg,0.109486,0.104206,0.133233,0.105645,0.11088,0.112463,0.109707,0.21438
img_00289.jpg,0.234256,0.111244,0.105574,0.105452,0.13029,0.107249,0.109517,0.0964169
img_03181.jpg,0.118886,0.117539,0.110983,0.107075,0.18578,0.138717,0.110477,0.110544
img_00164.jpg,0.115589,0.10103,0.106924,0.106263,0.231911,0.109616,0.102504,0.126162
img_06986.jpg,0.215602,0.122468,0.113027,0.104468,0.104474,0.110754,0.1047,0.124507
img_03602.jpg,0.136562,0.106748,0.111232,0.107363,0.160453,0.139305,0.108518,0.129818
img_02702.jpg,0.221839,0.113323,0.104357,0.103892,0.127336,0.105112,0.103002,0.121139
img_01955.jpg,0.0770881,0.104395,0.0997797,0.0965497,0.103054,0.0951087,0.0996543,0.32437
img_05222.jpg,0.230332,0.108553,0.106654,0.106929,0.120163,0.106771,0.107832,0.112765
img_03410.jpg,0.158494,0.127219,0.106267,0.106884,0.132766,0.113766,0.106143,0.14846
img_04921.jpg,0.128515,0.115142,0.108831,0.106938,0.15117,0.156861,0.119301,0.113241
img_06321.jpg,0.100478,0.115516,0.112565,0.109398,0.120377,0.121741,0.130279,0.189645
img_06440.jpg,0.128698,0.111457,0.111351,0.107884,0.158141,0.142577,0.113401,0.126491
img_02949.jpg,0.28411,0.105912,0.117542,0.0981708,0.0976788,0.0977777,0.100116,0.0986921
img_03945.jpg,0.130618,0.111465,0.105518,0.106611,0.153047,0.121121,0.115882,0.155736
img_04015.jpg,0.226204,0.132461,0.104646,0.104367,0.111744,0.102683,0.102964,0.114932
img_02766.jpg,0.166892,0.111886,0.111265,0.106528,0.16536,0.127029,0.106627,0.104412
img_01142.jpg,0.269569,0.103211,0.100386,0.100119,0.118159,0.101709,0.105393,0.101454
img_04410.jpg,0.278119,0.09642,0.10079,0.0999524,0.0951584,0.122587,0.101183,0.105791
img_01379.jpg,0.239865,0.104591,0.11358,0.10588,0.112415,0.113183,0.106287,0.104198
img_01366.jpg,0.124795,0.147144,0.104713,0.108485,0.131403,0.160596,0.103562,0.119302
img_05828.jpg,0.277606,0.0971311,0.103351,0.105378,0.10411,0.100402,0.103217,0.108804
img_02082.jpg,0.11427,0.112271,0.112466,0.104699,0.168538,0.102119,0.188361,0.0972751
img_05492.jpg,0.113958,0.116095,0.102665,0.105521,0.109745,0.104101,0.0999731,0.247943
img_00493.jpg,0.173241,0.114519,0.118012,0.10682,0.152719,0.114954,0.109346,0.110389
img_04129.jpg,0.182802,0.114491,0.108102,0.109945,0.112113,0.138351,0.110363,0.123833
img_03210.jpg,0.12491,0.118966,0.159213,0.114129,0.103968,0.108164,0.105668,0.164982
img_04640.jpg,0.203052,0.114738,0.117456,0.105709,0.105232,0.138107,0.113525,0.10218
img_04712.jpg,0.131315,0.107207,0.109167,0.10676,0.113035,0.122009,0.114713,0.195795
img_02372.jpg,0.0953151,0.11254,0.109439,0.103124,0.23271,0.132066,0.107901,0.106905
img_02749.jpg,0.245089,0.105831,0.103503,0.108932,0.128897,0.0983036,0.103394,0.10605
img_01022.jpg,0.18759,0.111002,0.106016,0.186522,0.105472,0.0945142,0.100741,0.108143
img_00285.jpg,0.133359,0.11251,0.104556,0.107674,0.13768,0.152668,0.123794,0.12776
img_06922.jpg,0.112791,0.159794,0.111395,0.106045,0.112363,0.105913,0.134634,0.157064
img_02540.jpg,0.127613,0.101307,0.140821,0.105452,0.195372,0.125053,0.102267,0.102116
img_01831.jpg,0.235766,0.105838,0.104994,0.109405,0.125794,0.10185,0.105646,0.110707
img_00575.jpg,0.149615,0.108715,0.118106,0.115935,0.122113,0.139621,0.106255,0.13964
img_04247.jpg,0.0934945,0.102499,0.100706,0.0992164,0.105271,0.104121,0.26857,0.126121
img_02666.jpg,0.333793,0.103222,0.0948723,0.0985535,0.0815233,0.0944951,0.0918855,0.101655
img_06285.jpg,0.11159,0.107364,0.107783,0.103638,0.120097,0.105151,0.105572,0.238805
img_00172.jpg,0.0992847,0.103772,0.103859,0.105325,0.277832,0.104045,0.103247,0.102635
img_07590.jpg,0.172356,0.123729,0.107863,0.111515,0.112512,0.110081,0.10986,0.152084
img_06975.jpg,0.171204,0.112649,0.105232,0.110968,0.124015,0.145105,0.10565,0.125177
img_05568.jpg,0.226151,0.110156,0.10365,0.104707,0.0998822,0.10998,0.107282,0.138191
img_05595.jpg,0.25178,0.110059,0.104883,0.106817,0.101607,0.113818,0.110473,0.100564
img_05087.jpg,0.181752,0.111748,0.113934,0.105481,0.170683,0.103467,0.106149,0.106786
img_00590.jpg,0.157715,0.128674,0.107342,0.111115,0.111074,0.11869,0.121134,0.144255
img_04507.jpg,0.100263,0.104181,0.129666,0.107709,0.101162,0.106262,0.1053,0.245457
img_00180.jpg,0.155856,0.112451,0.113571,0.110621,0.112679,0.102945,0.113556,0.178322
img_02889.jpg,0.251047,0.10633,0.110294,0.105035,0.10805,0.106368,0.103937,0.108939
img_04263.jpg,0.243519,0.108486,0.105022,0.107061,0.114395,0.10768,0.109967,0.10387
img_05276.jpg,0.118605,0.109369,0.107454,0.104962,0.205834,0.107103,0.113667,0.133006
img_07818.jpg,0.184357,0.111615,0.10872,0.108149,0.14361,0.108741,0.107834,0.126974
img_04476.jpg,0.112763,0.111211,0.122831,0.114457,0.106122,0.106511,0.11615,0.209956
img_00282.jpg,0.124645,0.146326,0.105765,0.107138,0.132146,0.158368,0.104035,0.121578
img_02687.jpg,0.14498,0.108713,0.106694,0.106259,0.112016,0.108144,0.107443,0.205753
img_02920.jpg,0.267862,0.112851,0.103412,0.0994263,0.101492,0.097355,0.103649,0.113952
img_02172.jpg,0.258767,0.104278,0.106064,0.104905,0.11528,0.105723,0.102206,0.102777
img_07348.jpg,0.150364,0.113463,0.111486,0.108545,0.182572,0.118889,0.107881,0.1068
img_01803.jpg,0.115109,0.116696,0.146734,0.107244,0.110877,0.109157,0.109583,0.184601
img_01222.jpg,0.301113,0.097257,0.0943765,0.104134,0.10138,0.113756,0.0998295,0.088154
img_06302.jpg,0.239001,0.104585,0.10674,0.119742,0.113585,0.102299,0.105845,0.108203
img_07893.jpg,0.187291,0.105129,0.112009,0.108764,0.105623,0.103943,0.10034,0.176901
img_05015.jpg,0.162288,0.139162,0.107553,0.10655,0.158754,0.10752,0.107035,0.111138
img_07224.jpg,0.0915434,0.115144,0.103504,0.100543,0.269862,0.10372,0.102953,0.11273
img_07352.jpg,0.21778,0.100442,0.105962,0.103855,0.134949,0.102552,0.113034,0.121425
img_01640.jpg,0.256247,0.104349,0.102523,0.103263,0.113113,0.102734,0.10541,0.112361
img_05908.jpg,0.129072,0.115513,0.109805,0.10822,0.206401,0.117815,0.107948,0.105225
img_04013.jpg,0.125139,0.103786,0.111958,0.115828,0.106788,0.16307,0.10183,0.1716
img_01224.jpg,0.165485,0.119739,0.119884,0.10424,0.109938,0.127906,0.109448,0.143359
img_07419.jpg,0.101884,0.108024,0.10595,0.106364,0.120967,0.118768,0.101359,0.236685
img_07160.jpg,0.092301,0.0949726,0.0968066,0.100855,0.29224,0.109376,0.108977,0.104472
img_03444.jpg,0.14265,0.122455,0.117468,0.11249,0.146935,0.111593,0.115162,0.131247
img_05722.jpg,0.133249,0.109783,0.110363,0.105133,0.181114,0.102751,0.137638,0.119968
img_03943.jpg,0.218129,0.109489,0.107788,0.106731,0.105136,0.104925,0.104429,0.143373
img_05640.jpg,0.176774,0.124522,0.10784,0.108075,0.149714,0.129571,0.106732,0.0967729
img_06959.jpg,0.176595,0.110173,0.109113,0.106466,0.158094,0.128905,0.109508,0.101147
img_07628.jpg,0.155301,0.12836,0.129086,0.10669,0.136773,0.11264,0.106428,0.124721
img_05293.jpg,0.154827,0.118621,0.101967,0.10617,0.113609,0.119092,0.105105,0.18061
img_05475.jpg,0.081688,0.101501,0.0968272,0.0991449,0.317345,0.10298,0.0989832,0.10153
img_00473.jpg,0.169723,0.114465,0.111038,0.106738,0.119776,0.101844,0.109624,0.166792
img_02974.jpg,0.240213,0.109806,0.101786,0.104821,0.10689,0.0988321,0.112599,0.125054
img_02077.jpg,0.167086,0.106859,0.104636,0.223148,0.0965522,0.100427,0.0961899,0.105102
img_06832.jpg,0.230531,0.109568,0.107775,0.111501,0.115852,0.101673,0.105531,0.117569
img_06690.jpg,0.118422,0.112327,0.150919,0.103041,0.10997,0.117563,0.109893,0.177866
img_01426.jpg,0.103682,0.180487,0.110813,0.107532,0.124869,0.10045,0.120851,0.151317
img_07051.jpg,0.144889,0.149327,0.11528,0.106878,0.129339,0.109957,0.113216,0.131115
img_07318.jpg,0.0929778,0.102058,0.110405,0.100963,0.113518,0.151137,0.104426,0.224515
img_00027.jpg,0.166854,0.113782,0.102852,0.107617,0.14371,0.118976,0.105449,0.14076
img_06616.jpg,0.270265,0.105738,0.101855,0.103271,0.112848,0.104686,0.0964847,0.104853
img_07319.jpg,0.146631,0.107915,0.104074,0.10587,0.11357,0.0942096,0.10735,0.220381
img_02416.jpg,0.118456,0.12963,0.109313,0.110856,0.213136,0.109993,0.0991815,0.109434
img_02734.jpg,0.300985,0.102628,0.100911,0.103026,0.0984551,0.106799,0.0968138,0.0903828
img_03563.jpg,0.141614,0.113584,0.118754,0.111088,0.128702,0.106848,0.114824,0.164585
img_02422.jpg,0.112314,0.1032,0.112846,0.11095,0.114266,0.134074,0.10387,0.20848
img_07156.jpg,0.20987,0.113987,0.106983,0.103273,0.130939,0.116496,0.105182,0.11327
img_05439.jpg,0.212434,0.110645,0.103252,0.105942,0.115545,0.111761,0.1084,0.132021
img_06571.jpg,0.197675,0.11233,0.107162,0.111195,0.140041,0.118209,0.103761,0.109627
img_01825.jpg,0.112802,0.219093,0.106412,0.116127,0.130414,0.105542,0.10604,0.103569
img_05754.jpg,0.159501,0.124223,0.106189,0.110661,0.130069,0.143704,0.122685,0.102968
img_02347.jpg,0.142776,0.108519,0.11165,0.109709,0.226996,0.0931208,0.100444,0.106785
img_06311.jpg,0.129923,0.113229,0.11228,0.105485,0.185621,0.137592,0.110137,0.105732
img_01593.jpg,0.152179,0.108935,0.105034,0.108314,0.123652,0.129686,0.109274,0.162926
img_02291.jpg,0.293083,0.101993,0.0971335,0.0980068,0.113291,0.0973494,0.104226,0.094917
img_03229.jpg,0.103412,0.17428,0.107443,0.101677,0.109203,0.104787,0.135661,0.163537
img_00311.jpg,0.230843,0.10531,0.103237,0.105509,0.12316,0.108247,0.107717,0.115977
img_05251.jpg,0.134521,0.115105,0.113124,0.119,0.11322,0.167509,0.108755,0.128766
img_02119.jpg,0.260434,0.103899,0.109076,0.100926,0.106158,0.112084,0.103071,0.104354
img_01856.jpg,0.23531,0.10559,0.104744,0.111719,0.118268,0.110567,0.100338,0.113463
img_02769.jpg,0.119109,0.106058,0.136253,0.11121,0.113989,0.112782,0.109613,0.190986
img_05539.jpg,0.119257,0.14708,0.105774,0.105672,0.129695,0.166553,0.103511,0.122459
img_05548.jpg,0.28846,0.101643,0.100768,0.0989753,0.107931,0.0994856,0.101577,0.101161
img_03674.jpg,0.188847,0.0996389,0.104907,0.105123,0.179635,0.105667,0.101626,0.114557
img_04740.jpg,0.151911,0.110692,0.126846,0.110304,0.165704,0.11343,0.109232,0.111882
img_06373.jpg,0.107105,0.11087,0.143299,0.105308,0.109669,0.140855,0.103821,0.179073
img_02124.jpg,0.141123,0.117613,0.108085,0.105485,0.164446,0.123513,0.11582,0.123915
img_05084.jpg,0.131039,0.123313,0.114097,0.109717,0.111067,0.108915,0.116929,0.184923
img_06521.jpg,0.166921,0.110431,0.103508,0.106587,0.114084,0.0957842,0.112,0.190685
img_04237.jpg,0.126772,0.222428,0.112514,0.102624,0.117408,0.105948,0.0923188,0.119988
img_00894.jpg,0.183012,0.114249,0.10876,0.104376,0.170889,0.107155,0.10252,0.10904
img_00292.jpg,0.125674,0.116314,0.105663,0.105794,0.128221,0.144652,0.110563,0.163118
img_07448.jpg,0.259694,0.105355,0.109488,0.103953,0.104802,0.105194,0.103695,0.107819
img_03527.jpg,0.104393,0.0941321,0.156484,0.102242,0.104047,0.113473,0.10322,0.222009
img_03801.jpg,0.214997,0.111405,0.109745,0.113332,0.111241,0.106911,0.100783,0.131585
img_06673.jpg,0.296872,0.0995509,0.101775,0.102746,0.0919067,0.0997117,0.0953584,0.112079
img_07428.jpg,0.198906,0.104475,0.113026,0.10472,0.145285,0.116749,0.111721,0.105117
img_04750.jpg,0.116491,0.126944,0.109891,0.114576,0.198167,0.101679,0.104727,0.127527
img_05948.jpg,0.1609,0.111097,0.107325,0.105591,0.137491,0.143242,0.106275,0.12808
img_00152.jpg,0.0940289,0.107359,0.093418,0.102274,0.0967613,0.0906476,0.103495,0.312016
img_00654.jpg,0.155027,0.119938,0.111709,0.108831,0.139519,0.120162,0.105322,0.139491
img_03074.jpg,0.258578,0.099627,0.099231,0.102056,0.106176,0.111141,0.10467,0.118521
img_05156.jpg,0.162511,0.120052,0.106411,0.100905,0.121113,0.164402,0.108695,0.115912
img_05682.jpg,0.160323,0.112194,0.11521,0.114169,0.110425,0.117684,0.116171,0.153825
img_00046.jpg,0.253482,0.110975,0.101338,0.104686,0.106171,0.104678,0.105306,0.113365
img_01745.jpg,0.285711,0.104173,0.101942,0.0986782,0.0981537,0.102158,0.099822,0.109362
img_03488.jpg,0.244223,0.104864,0.103353,0.11348,0.107188,0.121488,0.105199,0.100205
img_05438.jpg,0.22505,0.11102,0.105083,0.100986,0.122271,0.121798,0.106637,0.107154
img_03087.jpg,0.0883294,0.109523,0.103004,0.110288,0.245924,0.122281,0.101576,0.119075
img_02285.jpg,0.180017,0.111858,0.111711,0.111708,0.142988,0.107779,0.101807,0.132133
img_06237.jpg,0.222204,0.111786,0.10775,0.105568,0.114111,0.118636,0.104131,0.115814
img_00446.jpg,0.233593,0.10052,0.0996827,0.106936,0.121811,0.126962,0.103178,0.107318
img_05445.jpg,0.228416,0.110719,0.102097,0.107525,0.120431,0.100824,0.108068,0.12192
img_04830.jpg,0.255447,0.105348,0.104852,0.10677,0.106712,0.104021,0.104443,0.112409
img_06807.jpg,0.120623,0.113926,0.105044,0.103133,0.138002,0.105788,0.206906,0.106577
img_06294.jpg,0.214262,0.108541,0.107246,0.106542,0.119661,0.108862,0.11414,0.120745
img_06798.jpg,0.222167,0.111477,0.10455,0.102143,0.112814,0.130983,0.104203,0.111663
img_01188.jpg,0.124461,0.112438,0.1145,0.113993,0.125372,0.119011,0.11404,0.176186
img_05857.jpg,0.24767,0.0925373,0.104885,0.108276,0.116918,0.107975,0.106556,0.115183
img_04419.jpg,0.0730699,0.0983686,0.093255,0.100675,0.328136,0.102927,0.0958234,0.107745
img_05284.jpg,0.125763,0.181052,0.10434,0.111959,0.109475,0.112773,0.103765,0.150873
img_07278.jpg,0.246577,0.103641,0.10492,0.105274,0.119284,0.104078,0.105233,0.110993
img_00587.jpg,0.181879,0.103354,0.10223,0.102842,0.144085,0.112558,0.10305,0.150003
img_07543.jpg,0.145499,0.102252,0.102345,0.105053,0.232582,0.109367,0.103735,0.0991663
img_03238.jpg,0.162307,0.10068,0.101534,0.110118,0.110589,0.113208,0.100317,0.201247
img_04257.jpg,0.107913,0.117907,0.101607,0.10834,0.250007,0.107766,0.104983,0.101477
img_05735.jpg,0.172268,0.106455,0.104163,0.105474,0.108217,0.13037,0.0972775,0.175776
img_01996.jpg,0.153258,0.111553,0.112652,0.108032,0.130292,0.156301,0.112405,0.115507
img_05074.jpg,0.251422,0.100167,0.103455,0.104258,0.134129,0.10818,0.10533,0.093058
img_04642.jpg,0.0778113,0.110161,0.104717,0.102048,0.280149,0.105679,0.102337,0.117098
img_07659.jpg,0.147928,0.140505,0.109898,0.105643,0.117768,0.113723,0.104087,0.160448
img_04138.jpg,0.092573,0.111616,0.0958981,0.100384,0.268299,0.111552,0.101621,0.118056
img_07467.jpg,0.191103,0.107942,0.106691,0.109129,0.151884,0.107537,0.106145,0.119569
img_05794.jpg,0.253001,0.132827,0.102487,0.102398,0.0946376,0.110744,0.100868,0.103037
img_06637.jpg,0.0977684,0.111332,0.10019,0.103369,0.257904,0.124621,0.0973857,0.10743
img_07746.jpg,0.178437,0.118536,0.107362,0.110218,0.111159,0.164246,0.120638,0.0894055
img_07616.jpg,0.262063,0.103112,0.104831,0.117773,0.0984968,0.088921,0.103197,0.121606
img_00584.jpg,0.19815,0.108377,0.106665,0.108253,0.150642,0.106783,0.103937,0.117192
img_01782.jpg,0.100413,0.104193,0.101002,0.107872,0.273336,0.105942,0.100263,0.10698
img_03809.jpg,0.128287,0.142044,0.124299,0.108421,0.113619,0.135472,0.109185,0.138673
img_06800.jpg,0.143123,0.0988344,0.11008,0.105847,0.212971,0.118435,0.107768,0.102941
img_03254.jpg,0.160991,0.109232,0.106902,0.105595,0.153631,0.123096,0.115827,0.124725
img_04073.jpg,0.16855,0.107887,0.104285,0.110422,0.104589,0.138832,0.0993332,0.166102
img_00730.jpg,0.252605,0.118456,0.10773,0.100729,0.122798,0.100631,0.0972938,0.0997557
img_07553.jpg,0.194739,0.135972,0.100868,0.103319,0.149708,0.108709,0.0998334,0.10685
img_00550.jpg,0.127523,0.110902,0.123584,0.109827,0.187789,0.121275,0.113434,0.105667
img_05692.jpg,0.106646,0.105226,0.115153,0.103923,0.116068,0.132856,0.103215,0.216915
img_07192.jpg,0.100005,0.119725,0.0988034,0.099043,0.276245,0.0959229,0.0955788,0.114678
img_02954.jpg,0.1327,0.11482,0.105759,0.101519,0.227575,0.112914,0.0973324,0.107382
img_02252.jpg,0.189407,0.11651,0.110561,0.104629,0.127446,0.11045,0.106774,0.134222
img_06001.jpg,0.218823,0.118452,0.10629,0.109958,0.116382,0.098933,0.109984,0.121177
img_05813.jpg,0.216356,0.115799,0.105652,0.102213,0.109571,0.113892,0.103993,0.132524
img_01984.jpg,0.276914,0.104281,0.0974119,0.0972865,0.0970922,0.110144,0.103763,0.113107
img_01616.jpg,0.135665,0.108974,0.11365,0.10869,0.162682,0.106177,0.152858,0.111305
img_01384.jpg,0.201821,0.105041,0.11936,0.108469,0.138576,0.12256,0.106305,0.0978682
img_04369.jpg,0.162969,0.114737,0.110986,0.106254,0.114028,0.133201,0.112073,0.145753
img_06947.jpg,0.0962658,0.105731,0.101567,0.108364,0.290937,0.100879,0.0962515,0.100006
img_06273.jpg,0.228666,0.118085,0.104778,0.102947,0.107703,0.112443,0.103225,0.122152
img_05328.jpg,0.1467,0.103491,0.111476,0.106061,0.122611,0.0976305,0.224511,0.0875189
img_07354.jpg,0.187071,0.110116,0.10721,0.11263,0.131165,0.113133,0.107079,0.131596
img_03764.jpg,0.200327,0.11502,0.10739,0.110813,0.133545,0.110331,0.103733,0.118841
img_00833.jpg,0.136225,0.109109,0.11679,0.114041,0.106025,0.109906,0.1055,0.202404
img_07426.jpg,0.162294,0.122676,0.12382,0.130468,0.138279,0.109882,0.105018,0.107564
img_06608.jpg,0.231636,0.1093,0.105305,0.107166,0.116784,0.118265,0.106868,0.104676
img_01834.jpg,0.186619,0.122593,0.120119,0.104513,0.0989079,0.131198,0.112756,0.123294
img_02398.jpg,0.1792,0.114372,0.102567,0.121277,0.123004,0.149097,0.102443,0.10804
img_05603.jpg,0.208325,0.113187,0.107434,0.106701,0.126937,0.121099,0.102579,0.113739
img_03867.jpg,0.0958662,0.107029,0.0944698,0.0998892,0.314599,0.0913152,0.0974379,0.0993937
img_00982.jpg,0.0908321,0.1224,0.116256,0.106057,0.251816,0.101113,0.0970819,0.114443
img_05755.jpg,0.193563,0.107487,0.109236,0.105978,0.138934,0.1167,0.111722,0.11638
img_07700.jpg,0.148591,0.10485,0.119854,0.107659,0.167671,0.131145,0.116103,0.104128
img_04520.jpg,0.106654,0.109279,0.111571,0.105776,0.188563,0.104771,0.182642,0.0907433
img_02006.jpg,0.186636,0.11388,0.126666,0.122426,0.1285,0.108983,0.105741,0.107168
img_03116.jpg,0.096772,0.110896,0.102175,0.102919,0.251398,0.115336,0.0991397,0.121365
img_00398.jpg,0.201871,0.112557,0.114096,0.110226,0.128992,0.107406,0.117016,0.107838
img_03456.jpg,0.136097,0.112932,0.108143,0.103114,0.225642,0.103018,0.103018,0.108036
img_00729.jpg,0.22798,0.110416,0.102486,0.107441,0.115731,0.109311,0.11319,0.113446
img_04675.jpg,0.106998,0.128942,0.139901,0.105355,0.101727,0.111634,0.107282,0.198161
img_05349.jpg,0.128918,0.227525,0.106252,0.0983103,0.105961,0.114462,0.103771,0.114801
img_01781.jpg,0.216411,0.101156,0.106109,0.106303,0.12977,0.130103,0.103377,0.10677
img_05236.jpg,0.171069,0.112191,0.10359,0.111936,0.104961,0.15205,0.101058,0.143145
img_00773.jpg,0.183106,0.10101,0.144462,0.107919,0.126072,0.114874,0.105614,0.116944
img_03290.jpg,0.183454,0.11046,0.109399,0.111302,0.112677,0.120867,0.108188,0.143653
img_05186.jpg,0.142893,0.112421,0.116379,0.10808,0.155953,0.106857,0.101982,0.155436
img_04546.jpg,0.10706,0.106149,0.174501,0.109913,0.117264,0.0988375,0.109102,0.177174
img_05718.jpg,0.145472,0.115065,0.106659,0.113363,0.11055,0.120204,0.1064,0.182286
img_04860.jpg,0.219296,0.111302,0.103464,0.10857,0.123791,0.101781,0.106244,0.125552
img_05896.jpg,0.268337,0.0997502,0.103069,0.0996865,0.111616,0.103942,0.104345,0.109255
img_04128.jpg,0.158486,0.206587,0.10174,0.103706,0.101725,0.0936803,0.115051,0.119025
img_04766.jpg,0.263965,0.11221,0.101265,0.105822,0.106625,0.102174,0.107693,0.100246
img_01134.jpg,0.23867,0.112415,0.107225,0.10828,0.119715,0.107104,0.103208,0.103384
img_03652.jpg,0.25278,0.101701,0.101983,0.105936,0.138379,0.0966053,0.10212,0.100496
img_03361.jpg,0.117665,0.251258,0.109053,0.10143,0.1073,0.103368,0.107852,0.102074
img_01171.jpg,0.125661,0.11006,0.0999313,0.103528,0.216409,0.103656,0.10789,0.132865
img_00533.jpg,0.17201,0.109176,0.104312,0.109368,0.128868,0.115072,0.10876,0.152435
img_07187.jpg,0.277434,0.117969,0.10005,0.103932,0.104327,0.0945346,0.105539,0.0962139
img_03231.jpg,0.19729,0.136379,0.104016,0.104686,0.11617,0.128038,0.104339,0.109081
img_04415.jpg,0.237971,0.103601,0.104848,0.105118,0.105712,0.113681,0.100708,0.12836
img_07147.jpg,0.130852,0.107861,0.108053,0.105709,0.224872,0.115109,0.101609,0.105934
img_01371.jpg,0.202346,0.107276,0.107699,0.10418,0.143441,0.102014,0.109398,0.123645
img_05147.jpg,0.148636,0.149651,0.105544,0.115665,0.160938,0.100107,0.106664,0.112795
img_07050.jpg,0.166973,0.13446,0.101993,0.107918,0.180732,0.0999337,0.101373,0.106619
img_02412.jpg,0.124211,0.0970065,0.103761,0.100714,0.112435,0.10522,0.105487,0.251166
img_00582.jpg,0.250499,0.105408,0.105695,0.116532,0.105241,0.112873,0.103694,0.100058
img_05241.jpg,0.124231,0.145971,0.106674,0.106252,0.130433,0.160134,0.103723,0.122582
img_00618.jpg,0.196348,0.113928,0.10604,0.111452,0.160667,0.100069,0.100625,0.110871
img_04629.jpg,0.168191,0.109882,0.107905,0.115813,0.116763,0.110766,0.118509,0.152171
img_07561.jpg,0.253083,0.100804,0.105021,0.108616,0.105065,0.118,0.103712,0.105698
img_04145.jpg,0.159703,0.116754,0.114782,0.108326,0.104843,0.155372,0.120346,0.119875
img_04885.jpg,0.161359,0.107143,0.110534,0.114237,0.109576,0.136285,0.10414,0.156725
img_01647.jpg,0.152806,0.10491,0.108695,0.104976,0.204259,0.108825,0.106033,0.109496
img_06137.jpg,0.0911275,0.101188,0.128439,0.104178,0.108296,0.0953354,0.10326,0.268176
img_00857.jpg,0.196478,0.105141,0.111238,0.104677,0.143721,0.118096,0.105236,0.115412
img_06525.jpg,0.161791,0.113375,0.118287,0.108935,0.117792,0.101262,0.104823,0.173734
img_00484.jpg,0.157731,0.149087,0.109069,0.109137,0.127092,0.110076,0.109489,0.128321
img_06272.jpg,0.0801,0.106116,0.10957,0.101139,0.315593,0.101703,0.0923165,0.093464
img_01399.jpg,0.108714,0.161761,0.127454,0.10479,0.10854,0.114161,0.102598,0.171983
img_05580.jpg,0.155201,0.11362,0.102206,0.107592,0.114087,0.117135,0.112686,0.177473
img_07304.jpg,0.228528,0.10601,0.114397,0.107762,0.114989,0.112672,0.105967,0.109674
img_06748.jpg,0.0923878,0.0954044,0.106932,0.10759,0.114848,0.100318,0.101707,0.280812
img_04341.jpg,0.128555,0.106029,0.112627,0.105504,0.100093,0.10665,0.22161,0.118933
img_04423.jpg,0.162195,0.110919,0.109832,0.106901,0.154525,0.0998874,0.113291,0.142449
img_05673.jpg,0.301386,0.101638,0.102248,0.100185,0.0948019,0.100377,0.101199,0.0981655
img_00119.jpg,0.11795,0.134948,0.108778,0.105563,0.164907,0.125681,0.102941,0.139234
img_05119.jpg,0.190191,0.104425,0.108578,0.10564,0.140493,0.126476,0.103819,0.12038
img_00518.jpg,0.262201,0.102138,0.102862,0.10699,0.10893,0.103577,0.101529,0.111773
img_06831.jpg,0.161897,0.119317,0.108967,0.108017,0.145912,0.115715,0.108462,0.131712
img_04044.jpg,0.279832,0.10183,0.100237,0.102533,0.116012,0.0992026,0.10273,0.097624
img_05055.jpg,0.158348,0.120215,0.11256,0.10573,0.164041,0.107082,0.107298,0.124725
img_04554.jpg,0.204019,0.103607,0.105051,0.108509,0.140139,0.116037,0.10641,0.116228
img_01633.jpg,0.151287,0.101449,0.10697,0.112495,0.136955,0.142467,0.103757,0.14462
img_00620.jpg,0.242905,0.11194,0.102635,0.103437,0.120631,0.10902,0.102029,0.107404
img_02400.jpg,0.213328,0.10755,0.121103,0.105765,0.126317,0.118086,0.106076,0.101774
img_01102.jpg,0.0719061,0.10707,0.0838931,0.0944895,0.373203,0.0851627,0.0903263,0.0939497
img_06559.jpg,0.120882,0.115472,0.10581,0.10872,0.202968,0.120964,0.103317,0.121868
img_03502.jpg,0.154538,0.111989,0.102304,0.115348,0.1146,0.118378,0.100936,0.181908
img_03252.jpg,0.255719,0.10462,0.101644,0.106529,0.114499,0.10651,0.108011,0.102468
img_00723.jpg,0.171199,0.116162,0.110957,0.107826,0.161155,0.118776,0.107423,0.106501
img_05967.jpg,0.161392,0.108349,0.108553,0.106773,0.131682,0.165884,0.106886,0.11048
img_04478.jpg,0.225529,0.109449,0.107003,0.104103,0.111396,0.108755,0.107128,0.126638
img_06893.jpg,0.135073,0.108296,0.100016,0.105794,0.118137,0.123844,0.113326,0.195514
img_02811.jpg,0.268803,0.1022,0.101626,0.110964,0.110914,0.0998292,0.102035,0.103629
img_04037.jpg,0.170947,0.113616,0.108419,0.109766,0.109329,0.162332,0.102873,0.122717
img_03718.jpg,0.21899,0.108457,0.105409,0.116418,0.13837,0.103004,0.104234,0.105118
img_02857.jpg,0.152468,0.153009,0.109653,0.106217,0.174559,0.0988965,0.105223,0.0999748
img_03587.jpg,0.180047,0.12228,0.10057,0.103386,0.146503,0.107059,0.10599,0.134165
img_05915.jpg,0.105153,0.109882,0.147409,0.112859,0.107485,0.116807,0.107365,0.193041
img_05076.jpg,0.146457,0.131254,0.113684,0.107621,0.111141,0.113623,0.120371,0.155849
img_06939.jpg,0.167195,0.113336,0.106425,0.106885,0.117524,0.140024,0.10851,0.140101
img_02726.jpg,0.10679,0.095053,0.102498,0.113515,0.282603,0.104594,0.100484,0.094464
img_07436.jpg,0.122149,0.107036,0.129587,0.113013,0.120161,0.122523,0.166343,0.119187
img_03776.jpg,0.185864,0.103449,0.105834,0.105949,0.168546,0.103388,0.102913,0.124058
img_02622.jpg,0.161653,0.106044,0.109148,0.11373,0.115152,0.116737,0.10757,0.169965
img_04003.jpg,0.265917,0.103259,0.102168,0.108922,0.113431,0.101111,0.102049,0.103143
img_02356.jpg,0.158318,0.104559,0.105013,0.10831,0.109514,0.0987114,0.112897,0.202677
img_01995.jpg,0.150574,0.111086,0.108788,0.112081,0.120264,0.14693,0.107153,0.143123
img_03726.jpg,0.130312,0.128392,0.111272,0.116371,0.140245,0.135395,0.107803,0.13021
img_02299.jpg,0.275742,0.0999717,0.0998946,0.106363,0.109912,0.116695,0.102111,0.08931
img_00538.jpg,0.221921,0.112926,0.106006,0.105423,0.1505,0.0997679,0.0986647,0.104792
img_04282.jpg,0.142036,0.107453,0.113898,0.113001,0.103293,0.207733,0.103275,0.10931
img_07474.jpg,0.163391,0.11618,0.103873,0.106997,0.113801,0.119099,0.107491,0.169168
img_06261.jpg,0.203642,0.100669,0.105186,0.106798,0.108693,0.109945,0.103399,0.161668
img_07179.jpg,0.102423,0.111726,0.110619,0.107814,0.231694,0.104894,0.108561,0.122269
