image,ALB,BET,DOL,LAG,NoF,OTHER,SHARK,YFT
img_06909.jpg,0.140921,0.109813,0.105266,0.124711,0.124827,0.143113,0.121966,0.129383
img_07103.jpg,0.231042,0.126209,0.100385,0.106846,0.110644,0.107081,0.110909,0.106884
img_04118.jpg,0.199197,0.10806,0.110279,0.11889,0.114372,0.105271,0.104978,0.138953
img_03043.jpg,0.126297,0.110175,0.104658,0.119632,0.119072,0.12898,0.107163,0.184023
img_06916.jpg,0.182234,0.117581,0.104319,0.125239,0.116,0.134702,0.106023,0.113902
img_01431.jpg,0.242247,0.0985048,0.0965677,0.134311,0.106413,0.105743,0.101317,0.114897
img_01058.jpg,0.200782,0.119629,0.100509,0.105629,0.114112,0.128104,0.107525,0.123709
img_01249.jpg,0.172143,0.104474,0.108158,0.118089,0.124353,0.148899,0.103106,0.120778
img_07505.jpg,0.274923,0.106264,0.101159,0.105594,0.106496,0.100563,0.0957441,0.109257
img_03223.jpg,0.181253,0.148947,0.108849,0.111683,0.109623,0.11467,0.10584,0.119134
img_02703.jpg,0.20686,0.109465,0.0967802,0.113566,0.101714,0.118784,0.100798,0.152034
img_02943.jpg,0.219264,0.105125,0.101984,0.122392,0.115212,0.125782,0.110268,0.0999731
img_00828.jpg,0.124103,0.11487,0.111497,0.112815,0.202329,0.103869,0.105876,0.124642
img_04130.jpg,0.27883,0.101602,0.0955786,0.104331,0.0991,0.104786,0.100421,0.115351
img_00417.jpg,0.144304,0.108486,0.106574,0.109217,0.148984,0.106762,0.0986411,0.177032
img_03670.jpg,0.293007,0.100387,0.102075,0.0993642,0.10122,0.102838,0.103515,0.0975941
img_00708.jpg,0.157162,0.10562,0.109674,0.111538,0.104842,0.147202,0.0971351,0.166828
img_03082.jpg,0.21059,0.111491,0.108519,0.104728,0.123159,0.109287,0.110689,0.121537
img_05459.jpg,0.208925,0.0993011,0.0932502,0.118271,0.113834,0.112145,0.106124,0.14815
img_07120.jpg,0.206098,0.105465,0.0944149,0.119166,0.107171,0.114072,0.105869,0.147743
img_06165.jpg,0.149873,0.112836,0.102636,0.118138,0.10953,0.120232,0.106645,0.180111
img_06506.jpg,0.243034,0.102331,0.0913301,0.0966371,0.102295,0.108059,0.0944375,0.161877
img_00223.jpg,0.161818,0.112534,0.106699,0.112054,0.117946,0.166687,0.107026,0.115235
img_03520.jpg,0.210654,0.106187,0.106599,0.109463,0.121134,0.117593,0.102223,0.126147
img_05950.jpg,0.227752,0.11457,0.10772,0.106144,0.114992,0.109216,0.108466,0.11114
img_06547.jpg,0.228154,0.107511,0.102061,0.110338,0.106018,0.111662,0.10556,0.128697
img_04726.jpg,0.154011,0.119516,0.105797,0.114167,0.175542,0.107088,0.0976987,0.12618
img_05292.jpg,0.13322,0.105035,0.101535,0.111288,0.102314,0.131984,0.0919556,0.222668
img_01213.jpg,0.174981,0.113341,0.105569,0.121174,0.12052,0.128483,0.118563,0.11737
img_06186.jpg,0.224928,0.100182,0.101664,0.118797,0.126183,0.119683,0.103192,0.105371
img_00030.jpg,0.23205,0.108187,0.0958746,0.111279,0.1193,0.111532,0.115538,0.106239
img_06259.jpg,0.107096,0.105847,0.119929,0.112401,0.113178,0.120282,0.0986417,0.222626
img_07054.jpg,0.135756,0.152047,0.112611,0.100411,0.116764,0.132411,0.101587,0.148413
img_02865.jpg,0.0936785,0.111128,0.101577,0.102309,0.224887,0.108267,0.0964036,0.16175
img_02890.jpg,0.187731,0.10386,0.107893,0.113316,0.0952393,0.154675,0.11059,0.126695
img_05210.jpg,0.205093,0.105283,0.107295,0.108214,0.13259,0.117941,0.10034,0.123242
img_05322.jpg,0.204366,0.113264,0.109561,0.105636,0.123248,0.113652,0.111773,0.1185
img_07023.jpg,0.232889,0.106907,0.0996758,0.112671,0.117907,0.11057,0.100073,0.119307
img_02838.jpg,0.246104,0.106873,0.107578,0.104196,0.110356,0.116068,0.101473,0.107352
img_04233.jpg,0.176748,0.104988,0.103478,0.11261,0.131682,0.128897,0.134738,0.106859
img_01689.jpg,0.141275,0.102057,0.114626,0.114263,0.117392,0.110891,0.103056,0.19644
img_01632.jpg,0.232486,0.1141,0.103249,0.103597,0.0967735,0.113806,0.111021,0.124968
img_07594.jpg,0.219628,0.103128,0.103226,0.108102,0.113237,0.120515,0.0997961,0.132368
img_07143.jpg,0.132588,0.103733,0.0994132,0.121139,0.164163,0.131797,0.116828,0.130339
img_03422.jpg,0.245269,0.105286,0.105717,0.11721,0.0998224,0.125575,0.0979753,0.103144
img_00599.jpg,0.216229,0.11232,0.0963386,0.111811,0.0995134,0.110424,0.102528,0.150837
img_02188.jpg,0.201759,0.106014,0.105535,0.104454,0.120346,0.136361,0.114084,0.111446
img_01552.jpg,0.220258,0.113653,0.106017,0.106533,0.110426,0.105535,0.105197,0.132382
img_03628.jpg,0.209924,0.110975,0.10417,0.1154,0.115012,0.111601,0.104616,0.128301
img_05026.jpg,0.197066,0.119326,0.104072,0.108795,0.102191,0.13185,0.114065,0.122635
img_01490.jpg,0.10149,0.0950406,0.123725,0.109302,0.134469,0.106239,0.111007,0.218728
img_01211.jpg,0.252152,0.1168,0.10058,0.10025,0.107475,0.109727,0.100066,0.112948
img_04422.jpg,0.091113,0.105816,0.121669,0.0978244,0.123144,0.0998025,0.0938309,0.266801
img_06845.jpg,0.134741,0.112186,0.1058,0.118993,0.135075,0.167865,0.115602,0.109739
img_03805.jpg,0.251783,0.103103,0.0976879,0.12093,0.0993312,0.108956,0.104692,0.113516
img_00914.jpg,0.12748,0.101624,0.101565,0.111954,0.103052,0.0840607,0.0925491,0.277715
img_04879.jpg,0.146396,0.101761,0.100983,0.126864,0.171486,0.14202,0.101095,0.109395
img_00432.jpg,0.208726,0.1099,0.107313,0.112447,0.12256,0.116962,0.101204,0.120888
img_00007.jpg,0.162012,0.110052,0.10575,0.131129,0.115786,0.13863,0.105395,0.131246
img_00133.jpg,0.103948,0.0843554,0.0954169,0.122791,0.261138,0.114986,0.108113,0.109252
img_02808.jpg,0.263908,0.103588,0.102024,0.119919,0.090416,0.12562,0.0900271,0.104499
img_05864.jpg,0.168614,0.147789,0.114699,0.114621,0.12343,0.108307,0.103739,0.118801
img_07191.jpg,0.195925,0.115782,0.104644,0.110465,0.128198,0.125774,0.102368,0.116843
img_00865.jpg,0.198836,0.126862,0.109577,0.113742,0.122144,0.12294,0.10489,0.101008
img_03228.jpg,0.224617,0.112035,0.105536,0.113042,0.114393,0.113136,0.115087,0.102153
img_00125.jpg,0.216713,0.105919,0.0970222,0.130093,0.0983979,0.125012,0.106394,0.120449
img_02522.jpg,0.163614,0.124431,0.106441,0.121559,0.140891,0.124719,0.104866,0.113478
img_06332.jpg,0.18207,0.104792,0.0994963,0.111274,0.135956,0.115081,0.129113,0.122217
img_03135.jpg,0.152151,0.122691,0.109954,0.110129,0.113777,0.133793,0.111078,0.146428
img_01847.jpg,0.156566,0.123212,0.111853,0.109775,0.11552,0.116698,0.109475,0.156902
img_06851.jpg,0.146654,0.112629,0.107556,0.114419,0.101592,0.135385,0.102814,0.178951
img_06144.jpg,0.112479,0.102019,0.104811,0.108202,0.126118,0.117931,0.108547,0.219891
img_02379.jpg,0.187889,0.110253,0.098241,0.115045,0.125408,0.118036,0.0942918,0.150836
img_05038.jpg,0.153165,0.113255,0.111206,0.106749,0.115426,0.165509,0.107011,0.127679
img_02487.jpg,0.25009,0.10902,0.107579,0.107776,0.115882,0.106122,0.102729,0.100802
img_04559.jpg,0.125928,0.109514,0.109315,0.115866,0.121267,0.118534,0.11067,0.188907
img_06103.jpg,0.19357,0.110356,0.103748,0.109268,0.112417,0.112005,0.112656,0.14598
img_04752.jpg,0.169208,0.110947,0.106283,0.122404,0.106676,0.147393,0.115086,0.122004
img_03452.jpg,0.125744,0.194235,0.109124,0.108335,0.104314,0.123365,0.104662,0.130223
img_01571.jpg,0.256915,0.107556,0.0985909,0.121841,0.0950107,0.107064,0.100131,0.112892
img_03924.jpg,0.150062,0.11247,0.106493,0.115402,0.162945,0.112663,0.104018,0.135945
img_01688.jpg,0.200829,0.105316,0.104777,0.10834,0.112379,0.120702,0.113616,0.134042
img_01824.jpg,0.175655,0.102315,0.100042,0.114447,0.128636,0.17452,0.0988495,0.105536
img_00598.jpg,0.208097,0.107199,0.104584,0.113823,0.116686,0.126328,0.116131,0.107152
img_07146.jpg,0.162599,0.102895,0.101494,0.110395,0.154469,0.117749,0.122475,0.127924
img_04719.jpg,0.117,0.10029,0.0957804,0.110847,0.111318,0.242186,0.0918417,0.130738
img_03871.jpg,0.150534,0.104351,0.104311,0.112308,0.104929,0.124781,0.104563,0.194224
img_00442.jpg,0.129159,0.106974,0.118377,0.116552,0.107292,0.124985,0.104832,0.191829
img_00760.jpg,0.200751,0.107883,0.101469,0.139484,0.108161,0.120303,0.106297,0.115652
img_02096.jpg,0.259551,0.10089,0.104725,0.105146,0.104089,0.108759,0.111354,0.105487
img_04532.jpg,0.134548,0.10844,0.106584,0.122109,0.132,0.168036,0.113594,0.114688
img_03310.jpg,0.22112,0.106298,0.102215,0.127617,0.114904,0.113372,0.102297,0.112176
img_03581.jpg,0.231282,0.112591,0.102221,0.122735,0.101465,0.130129,0.0989181,0.10066
img_03064.jpg,0.180091,0.10206,0.095825,0.114029,0.106639,0.141701,0.0922932,0.167362
img_04795.jpg,0.208333,0.108724,0.100232,0.102946,0.0940039,0.130439,0.0964417,0.15888
img_06371.jpg,0.150712,0.116321,0.101545,0.114164,0.11103,0.109111,0.170216,0.126901
img_06469.jpg,0.166787,0.111595,0.105292,0.123615,0.122402,0.1405,0.11346,0.116349
img_04405.jpg,0.248,0.114187,0.108182,0.0996062,0.101073,0.12139,0.1076,0.0999624
img_02235.jpg,0.188396,0.109275,0.103815,0.115969,0.119745,0.112965,0.124996,0.124838
img_02904.jpg,0.212483,0.106562,0.106916,0.106684,0.118079,0.127378,0.117722,0.104175
img_01328.jpg,0.208322,0.113263,0.107743,0.110918,0.121092,0.120845,0.104053,0.113765
img_06962.jpg,0.172939,0.125408,0.0988849,0.104835,0.0885949,0.138056,0.0998758,0.171406
img_07583.jpg,0.116965,0.145172,0.121643,0.108519,0.112476,0.111635,0.0975129,0.186077
img_04076.jpg,0.202413,0.108716,0.102817,0.118508,0.118229,0.123342,0.105626,0.12035
img_02789.jpg,0.169584,0.107044,0.0989628,0.107536,0.142887,0.114166,0.145287,0.114534
img_05572.jpg,0.1899,0.100695,0.101932,0.118875,0.106596,0.124938,0.108482,0.148582
img_06642.jpg,0.193196,0.121249,0.105189,0.113148,0.108544,0.098566,0.128792,0.131316
img_00999.jpg,0.224321,0.105268,0.109823,0.105529,0.106932,0.100927,0.0955527,0.151647
img_01685.jpg,0.181548,0.122663,0.116931,0.113223,0.117071,0.116945,0.110611,0.121009
img_06268.jpg,0.162602,0.111839,0.104863,0.101426,0.120939,0.130713,0.108407,0.159211
img_02646.jpg,0.141506,0.103611,0.095682,0.111853,0.0945364,0.105093,0.103063,0.244655
img_01519.jpg,0.188097,0.105933,0.110989,0.12219,0.105185,0.152041,0.101287,0.114279
img_01649.jpg,0.214323,0.103531,0.104514,0.119424,0.128196,0.124862,0.101216,0.103935
img_04250.jpg,0.106647,0.0993037,0.104097,0.117455,0.209379,0.141755,0.113523,0.10784
img_02648.jpg,0.124066,0.107742,0.121804,0.115897,0.104761,0.120219,0.10388,0.201631
img_07757.jpg,0.17515,0.121868,0.101532,0.110485,0.147739,0.119706,0.113465,0.110055
img_03475.jpg,0.125186,0.114765,0.0949308,0.113514,0.207463,0.106492,0.112705,0.124943
img_06424.jpg,0.231211,0.110461,0.10496,0.106258,0.106419,0.117856,0.108872,0.113962
img_06010.jpg,0.122204,0.119746,0.109645,0.112849,0.0935331,0.14411,0.0991941,0.198718
img_02625.jpg,0.166538,0.109128,0.0992043,0.128414,0.11553,0.121414,0.102855,0.156916
img_04671.jpg,0.250767,0.103115,0.10743,0.102134,0.103409,0.0985995,0.0994914,0.135055
img_05021.jpg,0.121784,0.0973536,0.104326,0.132272,0.197772,0.124121,0.111349,0.111024
img_04511.jpg,0.191713,0.112635,0.108747,0.111641,0.130693,0.121253,0.107171,0.116148
img_03222.jpg,0.154273,0.130154,0.105544,0.118933,0.120067,0.143629,0.103037,0.124364
img_04603.jpg,0.199306,0.101318,0.119513,0.106765,0.118855,0.129755,0.0987032,0.125783
img_04888.jpg,0.234313,0.104881,0.105602,0.103321,0.123441,0.0952633,0.0939079,0.139271
img_07375.jpg,0.139025,0.112804,0.121131,0.109494,0.106109,0.166155,0.10464,0.140642
img_06038.jpg,0.129749,0.103298,0.115868,0.10908,0.11059,0.114463,0.108134,0.208819
img_00664.jpg,0.261598,0.0997839,0.104759,0.0973191,0.124762,0.103581,0.0950512,0.113146
img_01684.jpg,0.162319,0.123888,0.1072,0.124365,0.117828,0.119236,0.108271,0.136894
img_06732.jpg,0.244888,0.105191,0.103763,0.106445,0.101173,0.118473,0.109083,0.110983
img_06426.jpg,0.164034,0.10837,0.102329,0.107998,0.104596,0.156366,0.0923196,0.163988
img_05721.jpg,0.126817,0.0971748,0.109105,0.119326,0.104601,0.107545,0.0999171,0.235514
img_04991.jpg,0.166357,0.103986,0.0993829,0.116131,0.155923,0.168021,0.0917814,0.0984184
img_05587.jpg,0.172237,0.111026,0.109129,0.111409,0.135726,0.121815,0.108951,0.129706
img_07173.jpg,0.126892,0.104966,0.106678,0.115714,0.122402,0.127042,0.10565,0.190656
img_04959.jpg,0.25492,0.11798,0.103117,0.100335,0.0986991,0.11563,0.101698,0.107622
img_05520.jpg,0.224431,0.0959433,0.0906696,0.111376,0.106973,0.134321,0.0981399,0.138146
img_02367.jpg,0.225272,0.106875,0.104837,0.115797,0.118248,0.118207,0.100118,0.110645
img_06685.jpg,0.16791,0.0980141,0.100074,0.111998,0.169841,0.0973139,0.110242,0.144608
img_02636.jpg,0.135637,0.125426,0.103511,0.111462,0.130201,0.132301,0.097769,0.163692
img_04271.jpg,0.0844104,0.0826852,0.0932462,0.115681,0.297822,0.12334,0.109092,0.0937229
img_06508.jpg,0.0817248,0.0802748,0.0909167,0.105689,0.356563,0.0973203,0.096889,0.0906232
img_04503.jpg,0.119323,0.113398,0.10354,0.108759,0.248341,0.104725,0.0972959,0.104618
img_03941.jpg,0.214104,0.112116,0.102382,0.124806,0.104771,0.119451,0.105861,0.11651
img_07833.jpg,0.269545,0.101854,0.0997758,0.10825,0.0965042,0.105991,0.10924,0.10884
img_02799.jpg,0.236568,0.124854,0.101303,0.104059,0.109146,0.111507,0.103446,0.109117
img_05433.jpg,0.148311,0.110232,0.112244,0.114298,0.11368,0.153265,0.113921,0.13405
img_05440.jpg,0.21366,0.104635,0.10671,0.108316,0.121284,0.125718,0.109181,0.110496
img_07508.jpg,0.171855,0.111442,0.104635,0.112416,0.133186,0.117962,0.131113,0.11739
img_03195.jpg,0.153882,0.112232,0.111342,0.11006,0.124855,0.135888,0.135069,0.116671
img_07005.jpg,0.17917,0.11573,0.107414,0.121511,0.117968,0.133085,0.109359,0.115762
img_05489.jpg,0.28673,0.0974974,0.0979275,0.111323,0.10646,0.103824,0.0977423,0.0984953
img_03426.jpg,0.159927,0.111563,0.10027,0.111676,0.117145,0.0989511,0.100062,0.200406
img_03760.jpg,0.168705,0.109769,0.112104,0.106286,0.130404,0.124202,0.113354,0.135177
img_04856.jpg,0.204609,0.114151,0.11133,0.109181,0.118736,0.121642,0.11244,0.107911
img_02209.jpg,0.189304,0.101472,0.0964868,0.116092,0.123736,0.13109,0.098229,0.14359
img_00071.jpg,0.193887,0.103344,0.100879,0.145732,0.115514,0.114713,0.102523,0.123406
img_00726.jpg,0.268633,0.101751,0.103105,0.102629,0.101458,0.11907,0.102651,0.100703
img_01888.jpg,0.129773,0.108228,0.10662,0.12101,0.134062,0.176884,0.112533,0.11089
img_03547.jpg,0.164617,0.113376,0.105577,0.117403,0.126694,0.137639,0.108953,0.125741
img_05426.jpg,0.18485,0.112295,0.110955,0.113908,0.11594,0.112807,0.108251,0.140994
img_07717.jpg,0.182544,0.111064,0.103038,0.121954,0.118842,0.150126,0.100465,0.111967
img_03490.jpg,0.139734,0.129741,0.107487,0.112655,0.152341,0.129681,0.110151,0.11821
img_00005.jpg,0.118263,0.0998293,0.114041,0.106348,0.220921,0.109487,0.114137,0.116974
img_01657.jpg,0.127898,0.106816,0.121837,0.118499,0.111257,0.117912,0.105564,0.190218
img_00974.jpg,0.233554,0.100418,0.0955291,0.12573,0.100398,0.114478,0.104645,0.125248
img_05264.jpg,0.138249,0.117642,0.103153,0.122165,0.106471,0.112517,0.0999841,0.19982
img_06324.jpg,0.154343,0.118151,0.101123,0.117326,0.103215,0.132789,0.0988176,0.174234
img_00808.jpg,0.191054,0.106482,0.108364,0.121636,0.123226,0.135724,0.106288,0.107227
img_01090.jpg,0.160782,0.140672,0.107961,0.107859,0.140441,0.130245,0.0968652,0.115176
img_02739.jpg,0.23011,0.112815,0.102667,0.103453,0.120242,0.110237,0.10791,0.112567
img_02146.jpg,0.198356,0.116118,0.105448,0.105176,0.134446,0.111432,0.108274,0.120751
img_04285.jpg,0.174963,0.117744,0.106074,0.11214,0.0989721,0.121255,0.124615,0.144235
img_00646.jpg,0.11299,0.102984,0.115765,0.112968,0.114734,0.106012,0.107958,0.226588
img_00289.jpg,0.208848,0.110492,0.101587,0.116967,0.125166,0.107447,0.108426,0.121067
img_03181.jpg,0.16888,0.108646,0.112092,0.113721,0.113198,0.135402,0.106612,0.141449
img_00164.jpg,0.138817,0.117099,0.108379,0.101436,0.166575,0.143916,0.108643,0.115134
img_06986.jpg,0.266603,0.106813,0.0969581,0.110557,0.0958558,0.10938,0.0994395,0.114394
img_03602.jpg,0.206146,0.106997,0.0987774,0.114878,0.1042,0.115524,0.110623,0.142855
img_02702.jpg,0.282151,0.111928,0.0949477,0.0971823,0.0865585,0.106676,0.103722,0.116834
img_01955.jpg,0.118905,0.093382,0.112901,0.124596,0.103696,0.108937,0.106879,0.230702
img_05222.jpg,0.221052,0.114052,0.0989468,0.126292,0.106656,0.10089,0.103374,0.128737
img_03410.jpg,0.195049,0.12959,0.100958,0.103945,0.112516,0.1076,0.104758,0.145585
img_04921.jpg,0.219781,0.104713,0.104031,0.108009,0.11404,0.134423,0.0946383,0.120365
img_06321.jpg,0.189726,0.112192,0.107343,0.106642,0.125306,0.129805,0.123006,0.10598
img_06440.jpg,0.2011,0.107801,0.0975963,0.114554,0.117493,0.127047,0.101578,0.132832
img_02949.jpg,0.26114,0.103259,0.104438,0.107336,0.0992444,0.102273,0.113729,0.108581
img_03945.jpg,0.173918,0.108731,0.0979225,0.111316,0.109727,0.135521,0.104665,0.158199
img_04015.jpg,0.178567,0.114022,0.104588,0.126854,0.107014,0.138791,0.113015,0.117149
img_02766.jpg,0.208427,0.110616,0.10538,0.108954,0.119814,0.11168,0.104235,0.130895
img_01142.jpg,0.197189,0.111154,0.108854,0.112122,0.111467,0.120877,0.110301,0.128036
img_04410.jpg,0.216614,0.112581,0.108093,0.113813,0.114482,0.114001,0.103331,0.117085
img_01379.jpg,0.227986,0.110677,0.106989,0.115923,0.0999312,0.109687,0.100346,0.12846
img_01366.jpg,0.193567,0.111728,0.109846,0.116604,0.0933845,0.145231,0.109969,0.11967
img_05828.jpg,0.23298,0.112692,0.10561,0.104278,0.110656,0.119888,0.105507,0.10839
img_02082.jpg,0.162186,0.108967,0.0978646,0.108603,0.150574,0.107412,0.162905,0.101489
img_05492.jpg,0.0985982,0.0996394,0.114409,0.110775,0.114961,0.104834,0.109046,0.247737
img_00493.jpg,0.17224,0.100322,0.101473,0.125091,0.156891,0.133851,0.0974334,0.112698
img_04129.jpg,0.189461,0.107058,0.100588,0.11931,0.11548,0.125604,0.107108,0.13539
img_03210.jpg,0.114496,0.10773,0.13785,0.10928,0.117688,0.112471,0.107932,0.192553
img_04640.jpg,0.152212,0.109793,0.119771,0.111779,0.118301,0.157931,0.103153,0.12706
img_04712.jpg,0.127724,0.106207,0.106066,0.118252,0.110148,0.134711,0.107061,0.189831
img_02372.jpg,0.090037,0.0969787,0.102875,0.113115,0.236215,0.128249,0.114753,0.117776
img_02749.jpg,0.207385,0.110253,0.102884,0.122036,0.113212,0.121872,0.103982,0.118377
img_01022.jpg,0.186411,0.106447,0.106223,0.120277,0.115323,0.138467,0.11104,0.115813
img_00285.jpg,0.234085,0.0890845,0.0999346,0.105441,0.103216,0.168527,0.0923361,0.107376
img_06922.jpg,0.182616,0.109151,0.109271,0.102009,0.0932368,0.15041,0.100945,0.15236
img_02540.jpg,0.200904,0.120292,0.111679,0.113992,0.109309,0.116321,0.105372,0.122131
img_01831.jpg,0.218833,0.108666,0.104964,0.11929,0.106894,0.127024,0.107118,0.107211
img_00575.jpg,0.21144,0.100017,0.0942539,0.108243,0.0954649,0.117631,0.0976047,0.175345
img_04247.jpg,0.149936,0.102923,0.104696,0.108992,0.135151,0.112942,0.146435,0.138924
img_02666.jpg,0.271927,0.113589,0.101039,0.100633,0.103797,0.095214,0.0985705,0.115231
img_06285.jpg,0.0997356,0.111479,0.114506,0.109825,0.106767,0.102944,0.102141,0.252602
img_00172.jpg,0.0865924,0.0894646,0.102508,0.100684,0.322084,0.109088,0.0950634,0.094516
img_07590.jpg,0.214597,0.119128,0.105663,0.109313,0.130427,0.0992022,0.103873,0.117796
img_06975.jpg,0.264564,0.0995007,0.0996839,0.109202,0.0926764,0.117712,0.0954133,0.121248
img_05568.jpg,0.204959,0.0964727,0.0998708,0.115141,0.109575,0.117249,0.0997404,0.156992
img_05595.jpg,0.250052,0.0995529,0.104642,0.105897,0.101877,0.110537,0.10024,0.127203
img_05087.jpg,0.23763,0.109392,0.10231,0.10343,0.115104,0.104221,0.101043,0.12687
img_00590.jpg,0.202638,0.108758,0.110674,0.109976,0.0967826,0.117929,0.115171,0.138072
img_04507.jpg,0.0886388,0.108702,0.136477,0.105003,0.121795,0.133384,0.112076,0.193924
img_00180.jpg,0.164741,0.108164,0.0963805,0.111766,0.121326,0.10932,0.0998308,0.188471
img_02889.jpg,0.182751,0.110064,0.106021,0.119089,0.109613,0.130177,0.106424,0.135863
img_04263.jpg,0.256742,0.110737,0.10213,0.101866,0.117163,0.110417,0.102717,0.098227
img_05276.jpg,0.154029,0.119925,0.11053,0.110661,0.194138,0.10962,0.0958771,0.105219
img_07818.jpg,0.238694,0.121716,0.101432,0.103292,0.112441,0.104847,0.107888,0.10969
img_04476.jpg,0.218997,0.110822,0.105582,0.113031,0.0978411,0.111038,0.11652,0.126169
img_00282.jpg,0.200348,0.108592,0.106228,0.125397,0.0923775,0.145911,0.105252,0.115895
img_02687.jpg,0.158081,0.115619,0.106705,0.11374,0.133109,0.110856,0.0968283,0.165061
img_02920.jpg,0.255796,0.106097,0.103625,0.11338,0.114152,0.10758,0.0994629,0.0999067
img_02172.jpg,0.179537,0.131019,0.108345,0.0957224,0.10332,0.135747,0.0997198,0.14659
img_07348.jpg,0.182321,0.106307,0.101625,0.113676,0.181883,0.116543,0.0916137,0.106031
img_01803.jpg,0.122299,0.114803,0.123077,0.119774,0.107518,0.12197,0.100599,0.189959
img_01222.jpg,0.222889,0.102946,0.101452,0.113905,0.123649,0.123192,0.100929,0.111039
img_06302.jpg,0.245772,0.0995469,0.103957,0.122219,0.116953,0.110594,0.100669,0.100288
img_07893.jpg,0.11514,0.10635,0.107242,0.123098,0.115186,0.149439,0.097976,0.185568
img_05015.jpg,0.203308,0.106862,0.109946,0.114205,0.109244,0.116966,0.107319,0.13215
img_07224.jpg,0.125514,0.0983225,0.100293,0.111715,0.206234,0.124855,0.116971,0.116095
img_07352.jpg,0.212873,0.11178,0.105023,0.11189,0.109231,0.112155,0.108909,0.12814
img_01640.jpg,0.250422,0.114684,0.104389,0.102847,0.10886,0.10588,0.105349,0.107571
img_05908.jpg,0.122095,0.111013,0.1043,0.106231,0.220415,0.109355,0.119574,0.107016
img_04013.jpg,0.132202,0.108668,0.104364,0.114642,0.147076,0.147938,0.11665,0.12846
img_01224.jpg,0.168649,0.111858,0.100077,0.11363,0.111971,0.118096,0.0974867,0.178233
img_07419.jpg,0.129444,0.102146,0.111324,0.119225,0.116948,0.109274,0.102213,0.209426
img_07160.jpg,0.0885045,0.100287,0.101875,0.107213,0.269903,0.126925,0.115421,0.0898708
img_03444.jpg,0.196979,0.125804,0.104983,0.10745,0.152636,0.0963967,0.120706,0.0950452
img_05722.jpg,0.189962,0.111681,0.100814,0.111092,0.128295,0.115585,0.120308,0.122261
img_03943.jpg,0.252807,0.103827,0.0981416,0.111474,0.108294,0.102276,0.110102,0.113078
img_05640.jpg,0.248127,0.102329,0.103347,0.114533,0.116023,0.121196,0.0947148,0.0997315
img_06959.jpg,0.281181,0.099698,0.102063,0.110729,0.109511,0.110514,0.091862,0.094442
img_07628.jpg,0.169035,0.109531,0.108157,0.105396,0.155371,0.107624,0.102199,0.142686
img_05293.jpg,0.147891,0.10661,0.108209,0.114712,0.141727,0.142396,0.11014,0.128315
img_05475.jpg,0.0894612,0.0890741,0.0976499,0.10817,0.30657,0.109367,0.10867,0.0910373
img_00473.jpg,0.265295,0.109956,0.0970263,0.108645,0.0937575,0.100127,0.0937948,0.131397
img_02974.jpg,0.206165,0.117543,0.103344,0.113152,0.100471,0.123537,0.107112,0.128677
img_02077.jpg,0.189224,0.101916,0.110058,0.123063,0.0994462,0.145725,0.111397,0.119171
img_06832.jpg,0.206123,0.102685,0.107742,0.114358,0.118539,0.111725,0.117374,0.121453
img_06690.jpg,0.120327,0.111489,0.122395,0.119875,0.105008,0.125863,0.106275,0.188768
img_01426.jpg,0.130743,0.141526,0.127008,0.0970229,0.105898,0.130081,0.10663,0.16109
img_07051.jpg,0.142285,0.146515,0.122669,0.101525,0.0961518,0.137173,0.112556,0.141126
img_07318.jpg,0.131312,0.118428,0.111734,0.114854,0.105217,0.128671,0.111081,0.178703
img_00027.jpg,0.125772,0.0994853,0.10245,0.110547,0.108114,0.159607,0.0938881,0.200137
img_06616.jpg,0.151523,0.103153,0.130819,0.109467,0.108624,0.160043,0.102788,0.133584
img_07319.jpg,0.154701,0.101474,0.103801,0.106828,0.0908384,0.102512,0.0842368,0.255609
img_02416.jpg,0.154984,0.124992,0.105449,0.108836,0.132602,0.133762,0.100838,0.138537
img_02734.jpg,0.217163,0.1008,0.0969143,0.123761,0.133949,0.112744,0.0966328,0.118035
img_03563.jpg,0.218194,0.115771,0.0976734,0.113532,0.121881,0.0974596,0.110277,0.125212
img_02422.jpg,0.176315,0.123678,0.113628,0.106163,0.0954298,0.109873,0.0969307,0.177983
img_07156.jpg,0.305061,0.0978004,0.101235,0.106864,0.10401,0.100204,0.0969872,0.0878398
img_05439.jpg,0.191909,0.109742,0.109034,0.115149,0.117663,0.123914,0.110575,0.122014
img_06571.jpg,0.243717,0.101957,0.0977922,0.10929,0.119141,0.114715,0.103358,0.110031
img_01825.jpg,0.107529,0.226015,0.102699,0.103631,0.127201,0.108433,0.106854,0.117636
img_05754.jpg,0.230037,0.104145,0.0969089,0.107744,0.0979249,0.134254,0.0872484,0.141737
img_02347.jpg,0.172552,0.117124,0.105437,0.106727,0.142513,0.127411,0.11466,0.113576
img_06311.jpg,0.186556,0.110828,0.110708,0.115601,0.11902,0.118587,0.105347,0.133353
img_01593.jpg,0.142054,0.113107,0.0963892,0.109161,0.0874279,0.120614,0.0854595,0.245788
img_02291.jpg,0.24943,0.110221,0.106477,0.103133,0.112331,0.104254,0.103552,0.110601
img_03229.jpg,0.171071,0.124733,0.10441,0.099243,0.0927347,0.123891,0.102954,0.180962
img_00311.jpg,0.23112,0.117817,0.106625,0.10404,0.113598,0.117348,0.107385,0.102069
img_05251.jpg,0.172369,0.106685,0.0999216,0.124677,0.100676,0.114164,0.14838,0.133127
img_02119.jpg,0.179706,0.109005,0.107892,0.105459,0.114577,0.165395,0.104421,0.113544
img_01856.jpg,0.229046,0.104625,0.0981045,0.1115,0.109153,0.104743,0.0970858,0.145743
img_02769.jpg,0.114544,0.104215,0.121136,0.112127,0.11265,0.119193,0.104001,0.212134
img_05539.jpg,0.164854,0.116321,0.113357,0.121274,0.102674,0.16468,0.101144,0.115694
img_05548.jpg,0.16022,0.118963,0.10992,0.115698,0.128383,0.131327,0.112417,0.123072
img_03674.jpg,0.189129,0.111207,0.106112,0.119558,0.122866,0.122046,0.108634,0.120448
img_04740.jpg,0.192824,0.112583,0.111125,0.116905,0.122836,0.111799,0.104832,0.127096
img_06373.jpg,0.127691,0.103955,0.119838,0.114446,0.104639,0.118057,0.103477,0.207897
img_02124.jpg,0.18312,0.106524,0.100742,0.109263,0.107725,0.143608,0.109227,0.139791
img_05084.jpg,0.170657,0.106261,0.104657,0.113853,0.120265,0.139325,0.124828,0.120154
img_06521.jpg,0.12768,0.107948,0.107555,0.107683,0.0998872,0.140779,0.0893304,0.219137
img_04237.jpg,0.106132,0.261931,0.102934,0.101518,0.113381,0.11193,0.0948293,0.107346
img_00894.jpg,0.212728,0.113236,0.107258,0.108563,0.14233,0.112765,0.103043,0.100078
img_00292.jpg,0.134799,0.109855,0.105675,0.107961,0.130559,0.123967,0.110309,0.176876
img_07448.jpg,0.158289,0.115721,0.104516,0.124986,0.10826,0.130842,0.113196,0.144191
img_03527.jpg,0.105815,0.0963616,0.118012,0.11587,0.1056,0.123994,0.098591,0.235756
img_03801.jpg,0.158571,0.109863,0.114231,0.107455,0.121081,0.113392,0.100343,0.175065
img_06673.jpg,0.251011,0.104384,0.10281,0.113005,0.111462,0.100962,0.10687,0.109497
img_07428.jpg,0.179025,0.115264,0.100072,0.12301,0.117948,0.137514,0.111806,0.115361
img_04750.jpg,0.139976,0.144692,0.0998131,0.110796,0.174865,0.126367,0.0890328,0.114459
img_05948.jpg,0.216062,0.10106,0.101552,0.109218,0.123131,0.156022,0.0956814,0.0972736
img_00152.jpg,0.134124,0.100535,0.102132,0.110508,0.123425,0.113112,0.110784,0.205382
img_00654.jpg,0.206168,0.111161,0.102799,0.10575,0.122289,0.112009,0.106373,0.133451
img_03074.jpg,0.238241,0.10546,0.10309,0.122278,0.112878,0.104269,0.10461,0.109174
img_05156.jpg,0.209935,0.113456,0.106885,0.123758,0.0956021,0.13774,0.101466,0.111157
img_05682.jpg,0.165238,0.104733,0.100076,0.112335,0.103315,0.120578,0.0995319,0.194193
img_00046.jpg,0.27128,0.100134,0.0997509,0.101548,0.105159,0.107244,0.103976,0.110909
img_01745.jpg,0.193828,0.116332,0.106735,0.106843,0.103065,0.114117,0.10748,0.1516
img_03488.jpg,0.239323,0.103303,0.0964254,0.129618,0.0997712,0.111412,0.106677,0.113469
img_05438.jpg,0.152302,0.109785,0.106788,0.127461,0.138613,0.133854,0.111826,0.119372
img_03087.jpg,0.133616,0.0973419,0.104089,0.119836,0.179636,0.141692,0.112339,0.111451
img_02285.jpg,0.224431,0.109963,0.105269,0.106622,0.114456,0.114225,0.108731,0.116304
img_06237.jpg,0.245524,0.113661,0.104199,0.105859,0.100911,0.117101,0.106612,0.106132
img_00446.jpg,0.205962,0.104722,0.111151,0.129372,0.11675,0.123332,0.104227,0.104484
img_05445.jpg,0.220335,0.103602,0.10736,0.116743,0.107705,0.120124,0.107867,0.116263
img_04830.jpg,0.285393,0.106394,0.101924,0.101067,0.0941097,0.106375,0.111377,0.0933613
img_06807.jpg,0.171359,0.112907,0.099022,0.105977,0.132517,0.114401,0.150281,0.113537
img_06294.jpg,0.217645,0.106227,0.108701,0.109172,0.109524,0.117896,0.103622,0.127213
img_06798.jpg,0.286164,0.0984254,0.0984033,0.116822,0.0936584,0.116345,0.102197,0.0879842
img_01188.jpg,0.116962,0.118353,0.111357,0.127478,0.103583,0.20503,0.104239,0.112998
img_05857.jpg,0.203005,0.100196,0.10346,0.133138,0.139925,0.11166,0.104,0.104616
img_04419.jpg,0.101905,0.0925037,0.097242,0.122491,0.266861,0.119188,0.108304,0.0915062
img_05284.jpg,0.0970644,0.103468,0.118568,0.0955418,0.129564,0.092259,0.0942318,0.269302
img_07278.jpg,0.22083,0.115079,0.104145,0.107364,0.114638,0.116902,0.116392,0.104651
img_00587.jpg,0.158262,0.101029,0.102389,0.106546,0.107651,0.160104,0.0939958,0.170023
img_07543.jpg,0.106024,0.111515,0.101398,0.109762,0.227697,0.118726,0.120966,0.103912
img_03238.jpg,0.164006,0.109255,0.108649,0.116639,0.0986552,0.115928,0.112597,0.17427
img_04257.jpg,0.146325,0.125765,0.103949,0.110186,0.198716,0.104436,0.10092,0.109704
img_05735.jpg,0.15725,0.106238,0.09902,0.119061,0.0904731,0.119716,0.095529,0.212713
img_01996.jpg,0.202757,0.107509,0.0891091,0.117502,0.102688,0.143588,0.107014,0.129832
img_05074.jpg,0.183488,0.105745,0.104422,0.113274,0.136018,0.109142,0.108124,0.139786
img_04642.jpg,0.126038,0.105606,0.103185,0.11635,0.241873,0.0895144,0.105991,0.111443
img_07659.jpg,0.126343,0.122699,0.104317,0.108326,0.0911525,0.120037,0.106232,0.220893
img_04138.jpg,0.0796733,0.0883899,0.101402,0.115054,0.288619,0.110709,0.10374,0.112413
img_07467.jpg,0.242468,0.138734,0.0967228,0.100048,0.104995,0.106779,0.0997033,0.110551
img_05794.jpg,0.244908,0.115743,0.104647,0.114661,0.106663,0.109126,0.105296,0.0989548
img_06637.jpg,0.0990015,0.113296,0.108918,0.101489,0.258665,0.096174,0.110842,0.111615
img_07746.jpg,0.225584,0.100729,0.110335,0.0988507,0.106866,0.13172,0.0989445,0.12697
img_07616.jpg,0.283643,0.0994704,0.103729,0.101784,0.0995314,0.111428,0.109726,0.0906891
img_00584.jpg,0.232813,0.109599,0.0996862,0.111459,0.113602,0.110092,0.109609,0.11314
img_01782.jpg,0.133629,0.104849,0.100261,0.115124,0.252108,0.0887228,0.0962264,0.109081
img_03809.jpg,0.146687,0.150924,0.112145,0.10128,0.120423,0.128826,0.102193,0.137522
img_06800.jpg,0.219255,0.102543,0.106615,0.116066,0.122065,0.125921,0.0944716,0.113064
img_03254.jpg,0.186348,0.109649,0.0975643,0.113126,0.113759,0.135104,0.0955635,0.148886
img_04073.jpg,0.144745,0.0981027,0.0982714,0.117348,0.169264,0.149801,0.102643,0.119826
img_00730.jpg,0.186405,0.113114,0.110479,0.108862,0.102864,0.114553,0.124768,0.138955
img_07553.jpg,0.207989,0.108639,0.110626,0.109706,0.138443,0.115151,0.107885,0.101561
img_00550.jpg,0.202242,0.110149,0.109599,0.113967,0.136691,0.108623,0.114421,0.104308
img_05692.jpg,0.11554,0.107927,0.123567,0.111152,0.116048,0.116951,0.104507,0.204307
img_07192.jpg,0.198005,0.110736,0.105509,0.107631,0.111292,0.107149,0.104569,0.155108
img_02954.jpg,0.178341,0.141432,0.106663,0.106868,0.113939,0.127782,0.10581,0.119165
img_02252.jpg,0.187498,0.098761,0.103637,0.120113,0.114622,0.114321,0.100299,0.160749
img_06001.jpg,0.248975,0.112088,0.0978519,0.124386,0.108257,0.111583,0.102348,0.0945109
img_05813.jpg,0.187829,0.108849,0.106152,0.124164,0.113815,0.124599,0.103581,0.131011
img_01984.jpg,0.205358,0.107234,0.0998188,0.119799,0.112881,0.111192,0.103226,0.14049
img_01616.jpg,0.188619,0.100199,0.099748,0.11062,0.120569,0.114595,0.119008,0.146642
img_01384.jpg,0.197421,0.116208,0.111322,0.112736,0.124138,0.120696,0.106601,0.110878
img_04369.jpg,0.172282,0.105234,0.0973467,0.114438,0.117013,0.121562,0.0948374,0.177286
img_06947.jpg,0.133444,0.111734,0.0996142,0.111112,0.254322,0.0830038,0.0942565,0.112513
img_06273.jpg,0.232705,0.116935,0.0991386,0.132772,0.100902,0.112062,0.104456,0.10103
img_05328.jpg,0.209158,0.103136,0.100688,0.104899,0.119712,0.116513,0.118999,0.126895
img_07354.jpg,0.201936,0.0998261,0.0993415,0.114559,0.113782,0.114654,0.0974704,0.158431
img_03764.jpg,0.205201,0.111481,0.105776,0.113671,0.114113,0.126195,0.110403,0.11316
img_00833.jpg,0.132621,0.104738,0.0989044,0.10729,0.108034,0.132187,0.0886436,0.227581
img_07426.jpg,0.236875,0.104418,0.108787,0.106723,0.104329,0.119078,0.103431,0.11636
img_06608.jpg,0.245074,0.10718,0.100291,0.108613,0.102975,0.135216,0.101722,0.098929
img_01834.jpg,0.167054,0.110793,0.0972308,0.120029,0.106112,0.10084,0.0973568,0.200584
img_02398.jpg,0.181734,0.108216,0.115368,0.113103,0.121785,0.144168,0.105321,0.110306
img_05603.jpg,0.224188,0.121537,0.107222,0.104704,0.102065,0.123801,0.100627,0.115856
img_03867.jpg,0.10477,0.0942302,0.0994823,0.116577,0.234832,0.125988,0.114378,0.109743
img_00982.jpg,0.156501,0.135742,0.104025,0.108184,0.132638,0.122002,0.101909,0.139
img_05755.jpg,0.191023,0.11329,0.108206,0.114586,0.122335,0.131788,0.107203,0.11157
img_07700.jpg,0.206851,0.119066,0.103322,0.111506,0.133137,0.111197,0.102945,0.111976
img_04520.jpg,0.151744,0.115075,0.103352,0.111068,0.139376,0.120833,0.115802,0.142749
img_02006.jpg,0.234882,0.104291,0.109474,0.106656,0.105996,0.113251,0.104673,0.120776
img_03116.jpg,0.194587,0.0968852,0.0944303,0.119097,0.134201,0.102371,0.115987,0.142442
img_00398.jpg,0.151265,0.106204,0.103993,0.111414,0.1363,0.124058,0.131414,0.135353
img_03456.jpg,0.124885,0.115529,0.104744,0.117339,0.203155,0.104136,0.103852,0.126361
img_00729.jpg,0.250317,0.107048,0.106065,0.105213,0.1102,0.11058,0.105754,0.104823
img_04675.jpg,0.133315,0.136942,0.112241,0.117463,0.110898,0.114567,0.0983891,0.176184
img_05349.jpg,0.118603,0.171676,0.110524,0.115504,0.113709,0.118967,0.112403,0.138613
img_01781.jpg,0.17559,0.10332,0.110296,0.116491,0.137557,0.118073,0.105485,0.133188
img_05236.jpg,0.184828,0.107721,0.114002,0.116671,0.101333,0.133021,0.120542,0.121881
img_00773.jpg,0.249149,0.106701,0.106096,0.10311,0.112944,0.114731,0.107936,0.0993335
img_03290.jpg,0.231483,0.0947678,0.105316,0.11086,0.0914064,0.105021,0.121911,0.139234
img_05186.jpg,0.260602,0.100725,0.10136,0.103038,0.102806,0.103896,0.0940141,0.133559
img_04546.jpg,0.125491,0.11268,0.110907,0.109833,0.108704,0.113343,0.0915663,0.227476
img_05718.jpg,0.139781,0.105899,0.106026,0.11502,0.14374,0.159095,0.122266,0.108173
img_04860.jpg,0.207275,0.106487,0.107178,0.115161,0.11598,0.117921,0.107909,0.122089
img_05896.jpg,0.227154,0.100083,0.105439,0.108299,0.110939,0.129139,0.107454,0.111493
img_04128.jpg,0.162425,0.158747,0.111445,0.10963,0.111376,0.0865916,0.104121,0.155664
img_04766.jpg,0.248757,0.0945745,0.108861,0.107177,0.091203,0.102953,0.0978516,0.148624
img_01134.jpg,0.228816,0.102627,0.0980807,0.124392,0.10335,0.123835,0.102906,0.115994
img_03652.jpg,0.267241,0.109951,0.096128,0.099896,0.105082,0.103427,0.108238,0.110036
img_03361.jpg,0.117944,0.208113,0.101834,0.106929,0.107263,0.10976,0.0983294,0.149827
img_01171.jpg,0.127204,0.0973458,0.106077,0.114979,0.153228,0.110045,0.106378,0.184743
img_00533.jpg,0.142336,0.102602,0.111431,0.112006,0.0999659,0.147411,0.0912602,0.192988
img_07187.jpg,0.241493,0.108467,0.102363,0.114381,0.106684,0.11241,0.100335,0.113866
img_03231.jpg,0.278322,0.104835,0.100005,0.105917,0.103125,0.102462,0.100902,0.104432
img_04415.jpg,0.194009,0.108068,0.107172,0.122974,0.118928,0.123638,0.106713,0.118499
img_07147.jpg,0.103614,0.10848,0.107846,0.110355,0.226437,0.109754,0.102254,0.131261
img_01371.jpg,0.233119,0.102163,0.0978852,0.0985312,0.115008,0.113852,0.0986111,0.14083
img_05147.jpg,0.1714,0.112407,0.112391,0.120008,0.114161,0.122284,0.111092,0.136257
img_07050.jpg,0.174777,0.118262,0.111096,0.112513,0.127305,0.120428,0.108869,0.12675
img_02412.jpg,0.178818,0.0920725,0.100597,0.112455,0.120248,0.0971154,0.109436,0.189258
img_00582.jpg,0.241235,0.0968289,0.100228,0.122164,0.122136,0.105154,0.09678,0.115474
img_05241.jpg,0.167371,0.118065,0.114346,0.119987,0.103903,0.165696,0.102305,0.108326
img_00618.jpg,0.205933,0.105231,0.102174,0.113013,0.133823,0.117856,0.105712,0.116258
img_04629.jpg,0.182839,0.107648,0.108533,0.107218,0.125865,0.115061,0.104908,0.147929
img_07561.jpg,0.290638,0.0992562,0.0995952,0.105934,0.106833,0.106611,0.0915475,0.099585
img_04145.jpg,0.15499,0.113745,0.121581,0.106294,0.100721,0.161496,0.112155,0.129019
img_04885.jpg,0.124451,0.100078,0.105224,0.115435,0.162414,0.149474,0.112318,0.130607
img_01647.jpg,0.13769,0.12346,0.110949,0.101873,0.192134,0.113969,0.106749,0.113176
img_06137.jpg,0.0926162,0.0919291,0.11346,0.106538,0.115855,0.1041,0.10681,0.268692
img_00857.jpg,0.261031,0.112423,0.104126,0.101552,0.108837,0.105746,0.0975238,0.108761
img_06525.jpg,0.220024,0.107945,0.107569,0.111975,0.112588,0.117194,0.105273,0.117432
img_00484.jpg,0.126388,0.118637,0.106934,0.119676,0.133327,0.168841,0.111324,0.114873
img_06272.jpg,0.116439,0.104685,0.100841,0.112294,0.26956,0.0836296,0.0945012,0.11805
img_01399.jpg,0.127122,0.126323,0.117888,0.115237,0.113973,0.127176,0.112974,0.159306
img_05580.jpg,0.283763,0.10538,0.104289,0.0984219,0.0974504,0.113715,0.102107,0.0948746
img_07304.jpg,0.21702,0.110967,0.106532,0.115567,0.101108,0.119864,0.104687,0.124255
img_06748.jpg,0.100138,0.0978447,0.119568,0.10896,0.110967,0.11234,0.0999657,0.250217
img_04341.jpg,0.177251,0.113734,0.109463,0.110814,0.127004,0.120642,0.119971,0.121121
img_04423.jpg,0.286227,0.113851,0.105451,0.0935293,0.0965594,0.106691,0.0892409,0.10845
img_05673.jpg,0.203851,0.115078,0.11391,0.103968,0.113879,0.115023,0.110453,0.123837
img_00119.jpg,0.111597,0.120928,0.107135,0.115093,0.169553,0.104185,0.100837,0.170671
img_05119.jpg,0.229231,0.106321,0.100968,0.117101,0.102006,0.121336,0.101743,0.121295
img_00518.jpg,0.250398,0.10509,0.102234,0.101846,0.104152,0.105866,0.109424,0.120989
img_06831.jpg,0.183301,0.116027,0.10723,0.110945,0.131331,0.111204,0.10255,0.137411
img_04044.jpg,0.199455,0.10971,0.107637,0.105271,0.117478,0.1276,0.113334,0.119515
img_05055.jpg,0.204357,0.108763,0.114171,0.105479,0.134795,0.110454,0.111745,0.110235
img_04554.jpg,0.212219,0.108268,0.101565,0.11084,0.113115,0.128564,0.112619,0.112811
img_01633.jpg,0.214103,0.105039,0.097995,0.113836,0.11513,0.152762,0.0985041,0.10263
img_00620.jpg,0.260992,0.10654,0.105384,0.10477,0.111612,0.106748,0.10604,0.0979141
img_02400.jpg,0.1875,0.111477,0.109641,0.108813,0.121697,0.131021,0.109503,0.120347
img_01102.jpg,0.1492,0.133844,0.108253,0.0939061,0.185973,0.127606,0.104057,0.0971597
img_06559.jpg,0.109482,0.114739,0.123871,0.104674,0.205161,0.100944,0.117314,0.123814
img_03502.jpg,0.196531,0.105848,0.109812,0.111668,0.115971,0.102247,0.132692,0.125231
img_03252.jpg,0.21167,0.123956,0.105835,0.105368,0.118583,0.104601,0.106252,0.123734
img_00723.jpg,0.162329,0.101975,0.101832,0.116317,0.191431,0.124983,0.0961343,0.104998
img_05967.jpg,0.171868,0.110826,0.110951,0.118127,0.131732,0.121283,0.109361,0.125852
img_04478.jpg,0.263788,0.103279,0.103888,0.110314,0.109205,0.108892,0.10001,0.100624
img_06893.jpg,0.158202,0.111174,0.124141,0.10695,0.107802,0.156818,0.0945165,0.140395
img_02811.jpg,0.246085,0.108878,0.0997307,0.123458,0.101248,0.108956,0.102399,0.109245
img_04037.jpg,0.23137,0.10678,0.104146,0.111573,0.0939118,0.121609,0.101214,0.129396
img_03718.jpg,0.250875,0.100554,0.0957399,0.12198,0.108203,0.113807,0.101289,0.107552
img_02857.jpg,0.162148,0.133349,0.104382,0.109739,0.130441,0.12717,0.107625,0.125146
img_03587.jpg,0.170873,0.124059,0.114053,0.117104,0.102341,0.100816,0.109642,0.161112
img_05915.jpg,0.115033,0.104264,0.108894,0.114187,0.112572,0.122962,0.0931186,0.228968
img_05076.jpg,0.173666,0.10726,0.102762,0.111714,0.110678,0.123979,0.106409,0.163532
img_06939.jpg,0.22137,0.125992,0.101626,0.106878,0.0939117,0.10344,0.119931,0.126851
img_02726.jpg,0.1616,0.102277,0.105903,0.110273,0.0991216,0.17674,0.107222,0.136863
img_07436.jpg,0.168062,0.109147,0.104106,0.108809,0.105204,0.127682,0.100127,0.176862
img_03776.jpg,0.265808,0.112875,0.103681,0.100596,0.0917236,0.11918,0.102452,0.103684
img_02622.jpg,0.198483,0.109329,0.109224,0.109588,0.107638,0.117998,0.122658,0.125083
img_04003.jpg,0.215344,0.110197,0.101833,0.130664,0.102138,0.123592,0.103933,0.1123
img_02356.jpg,0.162649,0.109868,0.100879,0.108685,0.12475,0.121217,0.0988652,0.173087
img_01995.jpg,0.137587,0.110944,0.108867,0.118104,0.132372,0.152217,0.113511,0.126397
img_03726.jpg,0.118084,0.103185,0.104646,0.116912,0.179177,0.119767,0.125901,0.132329
img_02299.jpg,0.186059,0.102099,0.105996,0.119463,0.132546,0.131742,0.110624,0.111471
img_00538.jpg,0.246949,0.104935,0.104932,0.112036,0.108681,0.115839,0.106175,0.100453
img_04282.jpg,0.12213,0.104409,0.100813,0.116658,0.107322,0.0984566,0.139433,0.210779
img_07474.jpg,0.229924,0.110168,0.109356,0.10507,0.114752,0.111921,0.106723,0.112087
img_06261.jpg,0.180094,0.116595,0.115657,0.105938,0.114321,0.127656,0.117184,0.122555
